-0.9890000000000000 -2.5315040419178616
-0.9780000000000000 -1.6385590944983079
-0.9670000000000000 -1.4128171944395655
-0.9560000000000000 -1.3294548164313618
-0.9450000000000000 -1.3032238431889025
-0.9339999999999999 -1.3083691653572735
-0.9230000000000000 -1.3330708076300777
-0.9120000000000000 -1.3702478041354040
-0.9010000000000000 -1.4145665743034321
-0.8900000000000000 -1.4612083728651557
-0.8790000000000000 -1.5054005502389576
-0.8680000000000000 -1.5424982475048319
-0.8570000000000000 -1.5685480503567046
-0.8460000000000000 -1.5811006661892186
-0.8350000000000000 -1.5797992673787742
-0.8240000000000001 -1.5663168495403246
-0.8129999999999999 -1.5436527945509442
-0.8020000000000000 -1.5152138872386034
-0.7910000000000000 -1.4841100196858565
-0.7800000000000000 -1.4528168193964868
-0.7690000000000000 -1.4231273923124845
-0.7580000000000000 -1.3962523726534284
-0.7470000000000000 -1.3729631508483220
-0.7360000000000000 -1.3537252822999750
-0.7250000000000000 -1.3388044097411296
-0.7140000000000000 -1.3283441396398359
-0.7030000000000001 -1.3224213414187169
-0.6919999999999999 -1.3210852767171675
-0.6810000000000000 -1.3243861312579581
-0.6699999999999999 -1.3323973945538892
-0.6590000000000000 -1.3452356735461717
-0.6480000000000000 -1.3630811260486246
-0.6370000000000000 -1.3862018729509369
-0.6260000000000000 -1.4149867010201411
-0.6150000000000000 -1.4499925805022382
-0.6040000000000001 -1.4920180991290906
-0.5930000000000000 -1.5422234497402283
-0.5820000000000001 -1.6023385890111728
-0.5710000000000000 -1.6750513987977449
-0.5600000000000001 -1.7648024381189928
-0.5490000000000000 -1.8796357091179623
-0.5380000000000000 -2.0364202860460119
-0.5270000000000000 -2.2813153180097192
-0.5160000000000000 -2.8732388607899599
-0.5050000000000000 -2.6103253725814715
-0.4940000000000000 -2.2135234253676375
-0.4830000000000000 -2.0164666484155909
-0.4720000000000000 -1.8870767049168069
-0.4610000000000000 -1.7924757850713549
-0.4500000000000001 -1.7192874274591117
-0.4390000000000001 -1.6607168488954283
-0.4280000000000000 -1.6128257880466641
-0.4170000000000000 -1.5731203169466330
-0.4060000000000000 -1.5399173055393098
-0.3950000000000000 -1.5120252658085276
-0.3840000000000000 -1.4885692681500808
-0.3730000000000000 -1.4688884048522532
-0.3620000000000000 -1.4524725567712489
-0.3510000000000000 -1.4389217379563339
-0.3400000000000001 -1.4279190488365123
-0.3290000000000001 -1.4192121688514976
-0.3180000000000001 -1.4126003954695852
-0.3070000000000001 -1.4079253970534864
-0.2960000000000000 -1.4050645239552684
-0.2850000000000000 -1.4039259326084594
-0.2740000000000000 -1.4044450358707148
-0.2630000000000000 -1.4065819617055233
-0.2520000000000000 -1.4103198178536824
-0.2410000000000000 -1.4156636434493644
-0.2300000000000000 -1.4226399934306593
-0.2190000000000001 -1.4312971574119997
-0.2080000000000001 -1.4417060691412396
-0.1970000000000001 -1.4539620230512547
-0.1860000000000001 -1.4681873897717026
-0.1750000000000000 -1.4845356251279014
-0.1640000000000000 -1.5031970162741279
-0.1530000000000000 -1.5244068356474725
-0.1420000000000000 -1.5484569327501363
-0.1310000000000000 -1.5757123830148645
-0.1200000000000000 -1.6066358155060461
-0.1090000000000001 -1.6418238170979240
-0.0980000000000001 -1.6820631051610349
-0.0870000000000001 -1.7284206125658215
-0.0760000000000001 -1.7823951120685813
-0.0650000000000001 -1.8461885230630983
-0.0540000000000000 -1.9232314177433827
-0.0430000000000000 -2.0193153345792356
-0.0320000000000000 -2.1454321757277413
-0.0210000000000000 -2.3268045281274459
-0.0100000000000000 -2.6481113716765328
0.0010000000000000 -3.6478463300260984
0.0119999999999999 -2.5690479017979189
0.0230000000000000 -2.2875313409119489
0.0339999999999999 -2.1194557768820550
0.0450000000000000 -2.0000404263318132
0.0559999999999999 -1.9080221663064951
0.0670000000000001 -1.8337270664515373
0.0780000000000000 -1.7719280516224618
0.0889999999999999 -1.7194766680545543
0.1000000000000000 -1.6743277016563227
0.1109999999999999 -1.6350764211503881
0.1220000000000000 -1.6007157907476410
0.1329999999999999 -1.5704991079060480
0.1440000000000000 -1.5438576020988966
0.1549999999999999 -1.5203486576795895
0.1660000000000000 -1.4996220521633354
0.1769999999999999 -1.4813972853764108
0.1879999999999998 -1.4654480081786438
0.1990000000000000 -1.4515911548025806
0.2099999999999999 -1.4396792904366345
0.2210000000000000 -1.4295952228076785
0.2319999999999999 -1.4212482561797071
0.2430000000000000 -1.4145716758861440
0.2539999999999999 -1.4095211903099734
0.2650000000000000 -1.4060741537450359
0.2759999999999999 -1.4042294654174465
0.2870000000000000 -1.4040080986824284
0.2979999999999999 -1.4054542685482727
0.3089999999999998 -1.4086373025621985
0.3200000000000000 -1.4136543475437731
0.3309999999999998 -1.4206341326686427
0.3420000000000000 -1.4297421326817368
0.3529999999999999 -1.4411876570000954
0.3640000000000000 -1.4552336707316751
0.3749999999999999 -1.4722106019506620
0.3860000000000000 -1.4925361339481464
0.3969999999999999 -1.5167442668104882
0.4080000000000000 -1.5455292521648212
0.4189999999999999 -1.5798144042754712
0.4299999999999998 -1.6208646408458725
0.4409999999999999 -1.6704807214887829
0.4519999999999998 -1.7313582345470042
0.4630000000000000 -1.8078134019571706
0.4739999999999999 -1.9074432022237688
0.4850000000000000 -2.0456805914571752
0.4959999999999999 -2.2627492588589724
0.5070000000000000 -2.7514689857356487
0.5179999999999999 -2.6903438663962316
0.5290000000000000 -2.2255860027982219
0.5399999999999999 -2.0034430122813176
0.5509999999999998 -1.8563218188901003
0.5619999999999999 -1.7469255218136697
0.5729999999999998 -1.6607263554924550
0.5840000000000000 -1.5905673674918233
0.5949999999999999 -1.5324186012226144
0.6060000000000000 -1.4838087196096936
0.6169999999999999 -1.4431331006181949
0.6280000000000000 -1.4093093907859986
0.6389999999999999 -1.3815901080834130
0.6500000000000000 -1.3594533638974451
0.6609999999999999 -1.3425352987360857
0.6719999999999998 -1.3305859050179634
0.6829999999999999 -1.3234382295564076
0.6939999999999998 -1.3209849646527834
0.7050000000000000 -1.3231583634362389
0.7159999999999999 -1.3299102014405615
0.7270000000000000 -1.3411885647352004
0.7379999999999999 -1.3569077531893698
0.7490000000000000 -1.3769066591797665
0.7599999999999999 -1.4008898490412420
0.7709999999999998 -1.4283449122632519
0.7819999999999999 -1.4584311896777131
0.7929999999999998 -1.4898425083698790
0.8039999999999999 -1.5206664894169404
0.8149999999999998 -1.5483020322752596
0.8260000000000000 -1.5695495936363668
0.8369999999999999 -1.5810139344369054
0.8480000000000000 -1.5798678727686803
0.8589999999999999 -1.5647697546673656
0.8700000000000000 -1.5364743511688155
0.8809999999999999 -1.4977619952134362
0.8919999999999998 -1.4527701991566082
0.9029999999999999 -1.4061963960034096
0.9139999999999998 -1.3628122888835181
0.9249999999999999 -1.3274779101167458
0.9359999999999998 -1.3057224428697598
0.9470000000000000 -1.3051809474241458
0.9579999999999999 -1.3391799094657590
0.9690000000000000 -1.4384856421803904
0.9799999999999999 -1.7184057048880599
0.9910000000000000 -2.0452003896361317
