-0.9890000000000000 -2.8180559124231714
-0.9780000000000000 -1.7320392171557939
-0.9670000000000000 -1.4997342340836002
-0.9560000000000000 -1.3913864998212067
-0.9450000000000000 -1.3314230067531647
-0.9339999999999999 -1.3011364318325622
-0.9230000000000000 -1.2955938612607139
-0.9120000000000000 -1.3152665060133770
-0.9010000000000000 -1.3645167505349614
-0.8900000000000000 -1.4536147670628303
-0.8790000000000000 -1.6078259256970793
-0.8680000000000000 -1.9154419922012678
-0.8570000000000000 -2.7595979281690157
-0.8460000000000000 -1.7883427343595886
-0.8350000000000000 -1.5124108527878253
-0.8240000000000001 -1.3528002865859146
-0.8129999999999999 -1.2472945792721357
-0.8020000000000000 -1.1751843882460977
-0.7910000000000000 -1.1270820674331437
-0.7800000000000000 -1.0980693833022201
-0.7690000000000000 -1.0854323718093204
-0.7580000000000000 -1.0877630842651833
-0.7470000000000000 -1.1045941068316099
-0.7360000000000000 -1.1363097573737191
-0.7250000000000000 -1.1842805576856912
-0.7140000000000000 -1.2513061178598239
-0.7030000000000001 -1.3426948949722304
-0.6919999999999999 -1.4690674779303770
-0.6810000000000000 -1.6553536946623510
-0.6699999999999999 -1.9859172834341980
-0.6590000000000000 -3.0045986334079640
-0.6480000000000000 -1.9398102948951983
-0.6370000000000000 -1.6807051266075166
-0.6260000000000000 -1.5396177141950198
-0.6150000000000000 -1.4518591885743175
-0.6040000000000001 -1.3964269978064880
-0.5930000000000000 -1.3640472901070901
-0.5820000000000001 -1.3500661552494253
-0.5710000000000000 -1.3521467372446050
-0.5600000000000001 -1.3694049939727637
-0.5490000000000000 -1.4021411555143428
-0.5380000000000000 -1.4519579359583068
-0.5270000000000000 -1.5223556920298307
-0.5160000000000000 -1.6203308190048082
-0.5050000000000000 -1.7609534745019204
-0.4940000000000000 -1.9846735165655227
-0.4830000000000000 -2.4905160726437283
-0.4720000000000000 -2.4142715294803896
-0.4610000000000000 -1.9696151764553500
-0.4500000000000001 -1.7635047889566116
-0.4390000000000001 -1.6331654504632005
-0.4280000000000000 -1.5416477132949586
-0.4170000000000000 -1.4743397573166352
-0.4060000000000000 -1.4238971038308506
-0.3950000000000000 -1.3860620181983727
-0.3840000000000000 -1.3581108835700735
-0.3730000000000000 -1.3381656493849206
-0.3620000000000000 -1.3248488779831364
-0.3510000000000000 -1.3170947654926308
-0.3400000000000001 -1.3140384617523624
-0.3290000000000001 -1.3149481314747797
-0.3180000000000001 -1.3191822353108935
-0.3070000000000001 -1.3261629292497010
-0.2960000000000000 -1.3353606632521833
-0.2850000000000000 -1.3462871923755309
-0.2740000000000000 -1.3584952519495992
-0.2630000000000000 -1.3715835438369455
-0.2520000000000000 -1.3852056855655575
-0.2410000000000000 -1.3990815745769798
-0.2300000000000000 -1.4130093941106880
-0.2190000000000001 -1.4268764077153606
-0.2080000000000001 -1.4406668921629555
-0.1970000000000001 -1.4544660966930425
-0.1860000000000001 -1.4684599331077313
-0.1750000000000000 -1.4829310439891155
-0.1640000000000000 -1.4982527785921405
-0.1530000000000000 -1.5148832916853268
-0.1420000000000000 -1.5333624504554419
-0.1310000000000000 -1.5543146218978352
-0.1200000000000000 -1.5784610111877422
-0.1090000000000001 -1.6066465243897468
-0.0980000000000001 -1.6398889923534257
-0.0870000000000001 -1.6794647207324405
-0.0760000000000001 -1.7270576164608638
-0.0650000000000001 -1.7850295713316804
-0.0540000000000000 -1.8569461545381354
-0.0430000000000000 -1.9487098044029818
-0.0320000000000000 -2.0714004497190928
-0.0210000000000000 -2.2503071308532743
-0.0100000000000000 -2.5701548851990808
0.0010000000000000 -3.5694639153162280
0.0119999999999999 -2.4912803824113467
0.0230000000000000 -2.2114084634734703
0.0339999999999999 -2.0459772208878140
0.0450000000000000 -1.9301561826442213
0.0559999999999999 -1.8426119432822887
0.0670000000000001 -1.7735784845354996
0.0780000000000000 -1.7177135350466515
0.0889999999999999 -1.6717291531784266
0.1000000000000000 -1.6334155648538025
0.1109999999999999 -1.6011783891511258
0.1220000000000000 -1.5737970250821420
0.1329999999999999 -1.5502901244788141
0.1440000000000000 -1.5298381407604706
0.1549999999999999 -1.5117389664706307
0.1660000000000000 -1.4953841803145906
0.1769999999999999 -1.4802487626879490
0.1879999999999998 -1.4658896271061816
0.1990000000000000 -1.4519494403833995
0.2099999999999999 -1.4381627344210806
0.2210000000000000 -1.4243616977085531
0.2319999999999999 -1.4104795386016862
0.2430000000000000 -1.3965500392717951
0.2539999999999999 -1.3827028253263796
0.2650000000000000 -1.3691548097723136
0.2759999999999999 -1.3561990451156656
0.2870000000000000 -1.3441926955089420
0.2979999999999999 -1.3335459853168206
0.3089999999999998 -1.3247138626331239
0.3200000000000000 -1.3181918819957954
0.3309999999999998 -1.3145176350193555
0.3420000000000000 -1.3142791187226688
0.3529999999999999 -1.3181319216019931
0.3640000000000000 -1.3268283016720466
0.3749999999999999 -1.3412636423976114
0.3860000000000000 -1.3625505065437891
0.3969999999999999 -1.3921401266111590
0.4080000000000000 -1.4320320657584145
0.4189999999999999 -1.4851624709494828
0.4299999999999998 -1.5561941652014128
0.4409999999999999 -1.6533472141567587
0.4519999999999998 -1.7935377382721502
0.4630000000000000 -2.0223728180992464
0.4739999999999999 -2.5891567501096917
0.4850000000000000 -2.3438957596668124
0.4959999999999999 -1.9338558956219638
0.5070000000000000 -1.7310098910536136
0.5179999999999999 -1.5999580791127965
0.5290000000000000 -1.5077770574837943
0.5399999999999999 -1.4415051751598822
0.5509999999999998 -1.3949857418715468
0.5619999999999999 -1.3651403130749276
0.5729999999999998 -1.3506298428407044
0.5840000000000000 -1.3513672884169257
0.5949999999999999 -1.3684682323793143
0.6060000000000000 -1.4046015916571306
0.6169999999999999 -1.4650210673228719
0.6280000000000000 -1.5603454194532456
0.6389999999999999 -1.7155614732908910
0.6500000000000000 -2.0153125355675821
0.6609999999999999 -2.9925951161901412
0.6719999999999998 -1.9048743320922157
0.6829999999999999 -1.6148525939448501
0.6939999999999998 -1.4426902623062756
0.7050000000000000 -1.3238957815218788
0.7159999999999999 -1.2375098489663507
0.7270000000000000 -1.1742478705452579
0.7379999999999999 -1.1293897174632510
0.7490000000000000 -1.1004497678806822
0.7599999999999999 -1.0862583502238470
0.7709999999999998 -1.0865891929744329
0.7819999999999999 -1.1020675150352925
0.7929999999999998 -1.1343010456202760
0.8039999999999999 -1.1863144051079222
0.8149999999999998 -1.2636040349100393
0.8260000000000000 -1.3768599283754259
0.8369999999999999 -1.5506176068276676
0.8480000000000000 -1.8657802906350658
0.8589999999999999 -3.0675471273650317
0.8700000000000000 -1.8372030265401804
0.8809999999999999 -1.5727043992135834
0.8919999999999998 -1.4336525218465661
0.9029999999999999 -1.3530133746846822
0.9139999999999998 -1.3096741765597653
0.9249999999999999 -1.2947907429617931
0.9359999999999998 -1.3047509484958728
0.9470000000000000 -1.3398399005011306
0.9579999999999999 -1.4065225805287054
0.9690000000000000 -1.5283801148963072
0.9799999999999999 -1.8090643497164205
0.9910000000000000 -2.2017565754275235
