-0.9890000000000000 -12.3934883865419465
-0.9780000000000000 -12.2642607632170346
-0.9670000000000000 -12.5104668707780835
-0.9560000000000000 -13.5455024007431675
-0.9450000000000000 -12.4970863436176973
-0.9339999999999999 -12.3058395574929840
-0.9230000000000000 -12.2654585729565060
-0.9120000000000000 -12.3194580249438275
-0.9010000000000000 -12.4743671716065290
-0.8900000000000000 -12.8323738919181771
-0.8790000000000000 -13.2811080731176556
-0.8680000000000000 -12.6289714973809737
-0.8570000000000000 -12.4198657983356018
-0.8460000000000000 -12.3219300568970898
-0.8350000000000000 -12.2855054435698872
-0.8240000000000001 -12.2953868927264729
-0.8129999999999999 -12.3490692467535350
-0.8020000000000000 -12.4549714104909963
-0.7910000000000000 -12.6429418475384825
-0.7800000000000000 -13.0477162354689327
-0.7690000000000000 -13.2932504301849637
-0.7580000000000000 -12.7364483020333257
-0.7470000000000000 -12.5241115822589588
-0.7360000000000000 -12.4077387684096099
-0.7250000000000000 -12.3423358640945668
-0.7140000000000000 -12.3121747168299542
-0.7030000000000001 -12.3107424598912889
-0.6919999999999999 -12.3363324253506015
-0.6810000000000000 -12.3906935743159785
-0.6699999999999999 -12.4806650767748462
-0.6590000000000000 -12.6238716914584153
-0.6480000000000000 -12.8721634693302320
-0.6370000000000000 -13.5891017853001035
-0.6260000000000000 -13.0871222823319524
-0.6150000000000000 -12.7375008187118315
-0.6040000000000001 -12.5633899300822289
-0.5930000000000000 -12.4576601221177885
-0.5820000000000001 -12.3912867108215909
-0.5710000000000000 -12.3528012977727304
-0.5600000000000001 -12.3367510224739991
-0.5490000000000000 -12.3405894755958236
-0.5380000000000000 -12.3640265615060194
-0.5270000000000000 -12.4086644408351603
-0.5160000000000000 -12.4785556111125544
-0.5050000000000000 -12.5827833116835883
-0.4940000000000000 -12.7432022172541437
-0.4830000000000000 -13.0269628077460489
-0.4720000000000000 -14.3111370937048150
-0.4610000000000000 -13.0812691683756039
-0.4500000000000001 -12.7787881373427243
-0.4390000000000001 -12.6159341046123039
-0.4280000000000000 -12.5121100011265547
-0.4170000000000000 -12.4431074815650025
-0.4060000000000000 -12.3985286111814705
-0.3950000000000000 -12.3736647945153848
-0.3840000000000000 -12.3655342391386593
-0.3730000000000000 -12.3733229649173335
-0.3620000000000000 -12.3972630605572114
-0.3510000000000000 -12.4387821349529499
-0.3400000000000001 -12.5014243776651455
-0.3290000000000001 -12.5915421756699093
-0.3180000000000001 -12.7240131339222629
-0.3070000000000001 -12.9360973167895299
-0.2960000000000000 -13.3988908754721017
-0.2850000000000000 -13.4367343512609754
-0.2740000000000000 -12.9550242819650219
-0.2630000000000000 -12.7429353696378218
-0.2520000000000000 -12.6128585625896648
-0.2410000000000000 -12.5254029252862900
-0.2300000000000000 -12.4656162454644956
-0.2190000000000001 -12.4261873322373866
-0.2080000000000001 -12.4035059050052237
-0.1970000000000001 -12.3957012806542686
-0.1860000000000001 -12.4019215540788110
-0.1750000000000000 -12.4225364316766420
-0.1640000000000000 -12.4586293753092985
-0.1530000000000000 -12.5128946345502854
-0.1420000000000000 -12.5903202663550875
-0.1310000000000000 -12.7010094806288212
-0.1200000000000000 -12.8676962988815475
-0.1090000000000001 -13.1643046061577618
-0.0980000000000001 -15.7784985111353215
-0.0870000000000001 -13.1657146544155861
-0.0760000000000001 -12.8741436755799548
-0.0650000000000001 -12.7115517215047085
-0.0540000000000000 -12.6046326714715402
-0.0430000000000000 -12.5307706782255988
-0.0320000000000000 -12.4798637280108871
-0.0210000000000000 -12.4468687935053897
-0.0100000000000000 -12.4290267119209368
0.0010000000000000 -12.4250310971698408
0.0119999999999999 -12.4346961779736667
0.0230000000000000 -12.4583522250242673
0.0339999999999999 -12.4975409436053724
0.0450000000000000 -12.5553488284985484
0.0559999999999999 -12.6375716691428917
0.0670000000000001 -12.7553832910293448
0.0780000000000000 -12.9360973167895299
0.0889999999999999 -13.2783535534276922
0.1000000000000000 -13.9354734797439299
0.1109999999999999 -13.1243219692573607
0.1220000000000000 -12.8664536814904515
0.1329999999999999 -12.7160418825096748
0.1440000000000000 -12.6159341046123039
0.1549999999999999 -12.5464346363047383
0.1660000000000000 -12.4989076056902135
0.1769999999999999 -12.4689393126583354
0.1879999999999998 -12.4542846701804386
0.1990000000000000 -12.4537360587297457
0.2099999999999999 -12.4673099537479342
0.2210000000000000 -12.4960274572090100
0.2319999999999999 -12.5419612496466275
0.2430000000000000 -12.6095102438761373
0.2539999999999999 -12.7063712090009293
0.2650000000000000 -12.8501026588786083
0.2759999999999999 -13.0903754397296730
0.2870000000000000 -13.7254200676519016
0.2979999999999999 -13.3563465785373801
0.3089999999999998 -12.9777814328529377
0.3200000000000000 -12.7887521455008759
0.3309999999999998 -12.6690324611832299
0.3420000000000000 -12.5877000805376227
0.3529999999999999 -12.5325747742115396
0.3640000000000000 -12.4976167565551854
0.3749999999999999 -12.4799365168289409
0.3860000000000000 -12.4782654527707759
0.3969999999999999 -12.4924913890558482
0.4080000000000000 -12.5239504340263483
0.4189999999999999 -12.5756470715775652
0.4299999999999998 -12.6532341757498799
0.4409999999999999 -12.7687644105780418
0.4519999999999998 -12.9509138676422193
0.4630000000000000 -13.3072068000763828
0.4739999999999999 -13.8147106837897660
0.4850000000000000 -13.0999801320952081
0.4959999999999999 -12.8530145239350695
0.5070000000000000 -12.7089537407847999
0.5179999999999999 -12.6152377211454159
0.5290000000000000 -12.5536202909653483
0.5399999999999999 -12.5163639625864747
0.5509999999999998 -12.4998211088811537
0.5619999999999999 -12.5028033346667122
0.5729999999999998 -12.5260500395530148
0.5840000000000000 -12.5723925598135491
0.5949999999999999 -12.6481647426403168
0.6060000000000000 -12.7666462411284769
0.6169999999999999 -12.9629207628110557
0.6280000000000000 -13.3881522779959337
0.6389999999999999 -13.5280785088264288
0.6500000000000000 -13.0049558463917414
0.6609999999999999 -12.7869770974634740
0.6719999999999998 -12.6591326321184408
0.6829999999999999 -12.5797498105360273
0.6939999999999998 -12.5343038852490860
0.7050000000000000 -12.5170770249261984
0.7159999999999999 -12.5268602906871109
0.7270000000000000 -12.5661333174907366
0.7379999999999999 -12.6425182488880719
0.7490000000000000 -12.7748943868664977
0.7599999999999999 -13.0200913189474363
0.7709999999999998 -13.8210508618207850
0.7819999999999999 -13.1696160602366028
0.7929999999999998 -12.8348391463064200
0.8039999999999999 -12.6694827406241917
0.8149999999999998 -12.5778303747861226
0.8260000000000000 -12.5358742733254083
0.8369999999999999 -12.5373672657572346
0.8480000000000000 -12.5867681177724666
0.8589999999999999 -12.7027083156384766
0.8700000000000000 -12.9496238830841790
0.8809999999999999 -14.0434321614510260
0.8919999999999998 -13.0037383113024561
0.9029999999999999 -12.7062486135218080
0.9139999999999998 -12.5762827353341908
0.9249999999999999 -12.5421292227610426
0.9359999999999998 -12.6063822935053764
0.9470000000000000 -12.8478890378286490
0.9579999999999999 -13.7756128228978341
0.9690000000000000 -12.7281187548738650
0.9799999999999999 -12.5484755775125389
0.9910000000000000 -12.8117312190776129
