-0.9890000000000000 -2.0621450838447579
-0.9780000000000000 -2.0491079577557936
-0.9670000000000000 -1.6722487378797890
-0.9560000000000000 -1.5961495933847409
-0.9450000000000000 -1.6519507764764145
-0.9339999999999999 -1.8258554961794062
-0.9230000000000000 -2.1972186854985187
-0.9120000000000000 -3.0328430493443292
-0.9010000000000000 -2.2821444152721266
-0.8900000000000000 -2.2398129745960671
-0.8790000000000000 -2.5965661975837708
-0.8680000000000000 -2.4123747361071168
-0.8570000000000000 -1.9032307433143909
-0.8460000000000000 -1.6529965947700216
-0.8350000000000000 -1.4952611276178049
-0.8240000000000001 -1.3901568235065489
-0.8129999999999999 -1.3212622948817816
-0.8020000000000000 -1.2801992944800435
-0.7910000000000000 -1.2622578870239369
-0.7800000000000000 -1.2647553791784776
-0.7690000000000000 -1.2863368932475929
-0.7580000000000000 -1.3266935309493464
-0.7470000000000000 -1.3865338502614182
-0.7360000000000000 -1.4677992799061634
-0.7250000000000000 -1.5742611567606599
-0.7140000000000000 -1.7129589365447848
-0.7030000000000001 -1.8980452397498098
-0.6919999999999999 -2.1640920281480187
-0.6810000000000000 -2.6484344178317403
-0.6699999999999999 -2.9901579079339484
-0.6590000000000000 -2.5360698321055950
-0.6480000000000000 -2.4601211944861459
-0.6370000000000000 -2.5488657770676695
-0.6260000000000000 -2.9248555292662162
-0.6150000000000000 -2.9221993604725638
-0.6040000000000001 -2.3921656954494894
-0.5930000000000000 -2.1488685093841999
-0.5820000000000001 -1.9977445392706386
-0.5710000000000000 -1.8975160323020377
-0.5600000000000001 -1.8324929936213861
-0.5490000000000000 -1.7955828667652471
-0.5380000000000000 -1.7838747143982898
-0.5270000000000000 -1.7973943584108218
-0.5160000000000000 -1.8393682847237971
-0.5050000000000000 -1.9183829068273965
-0.4940000000000000 -2.0560232050552076
-0.4830000000000000 -2.3234487438151610
-0.4720000000000000 -4.1031455272057133
-0.4610000000000000 -2.2955809344952982
-0.4500000000000001 -1.9784055587332883
-0.4390000000000001 -1.7934432248562233
-0.4280000000000000 -1.6648001712032772
-0.4170000000000000 -1.5687031385907648
-0.4060000000000000 -1.4944701649436816
-0.3950000000000000 -1.4363157681129328
-0.3840000000000000 -1.3907103980625686
-0.3730000000000000 -1.3553091353778062
-0.3620000000000000 -1.3284467307593268
-0.3510000000000000 -1.3088724910613754
-0.3400000000000001 -1.2955991187342850
-0.3290000000000001 -1.2878107401782051
-0.3180000000000001 -1.2848041003106010
-0.3070000000000001 -1.2859497712463548
-0.2960000000000000 -1.2906664933985761
-0.2850000000000000 -1.2984050431463194
-0.2740000000000000 -1.3086398033050648
-0.2630000000000000 -1.3208671561446153
-0.2520000000000000 -1.3346102010594885
-0.2410000000000000 -1.3494292472000016
-0.2300000000000000 -1.3649371329338047
-0.2190000000000001 -1.3808178038540144
-0.2080000000000001 -1.3968459429825111
-0.1970000000000001 -1.4129050556585872
-0.1860000000000001 -1.4290015218597223
-0.1750000000000000 -1.4452728751578436
-0.1640000000000000 -1.4619898823944557
-0.1530000000000000 -1.4795536180834610
-0.1420000000000000 -1.4984903147947566
-0.1310000000000000 -1.5194480991922599
-0.1200000000000000 -1.5432008443333050
-0.1090000000000001 -1.5706657265357395
-0.0980000000000001 -1.6029436385811913
-0.0870000000000001 -1.6413972694663892
-0.0760000000000001 -1.6877944750969580
-0.0650000000000001 -1.7445746258474315
-0.0540000000000000 -1.8153717569234455
-0.0430000000000000 -1.9061463794443132
-0.0320000000000000 -2.0280255338800997
-0.0210000000000000 -2.2063343443210388
-0.0100000000000000 -2.5258230868655600
0.0010000000000000 -3.5250266053096664
0.0119999999999999 -2.4469952931538255
0.0230000000000000 -2.1675272113354791
0.0339999999999999 -2.0027348711657558
0.0450000000000000 -1.8877606086304990
0.0559999999999999 -1.8012329386005503
0.0670000000000001 -1.7333367222564922
0.0780000000000000 -1.6786696641913519
0.0889999999999999 -1.6338735861048701
0.1000000000000000 -1.5966598301599177
0.1109999999999999 -1.5653492752946310
0.1220000000000000 -1.5386350608686843
0.1329999999999999 -1.5154541364686023
0.1440000000000000 -1.4949175653079421
0.1549999999999999 -1.4762751399740299
0.1660000000000000 -1.4589008962467489
0.1769999999999999 -1.4422909962235460
0.1879999999999998 -1.4260676919758986
0.1990000000000000 -1.4099843415716253
0.2099999999999999 -1.3939275877246320
0.2210000000000000 -1.3779141908192361
0.2319999999999999 -1.3620816240436631
0.2430000000000000 -1.3466731279814972
0.2539999999999999 -1.3320191483157839
0.2650000000000000 -1.3185177097885914
0.2759999999999999 -1.3066162836216337
0.2870000000000000 -1.2967972488456008
0.2979999999999999 -1.2895683946114729
0.3089999999999998 -1.2854593182999070
0.3200000000000000 -1.2850242310414759
0.3309999999999998 -1.2888517030517630
0.3420000000000000 -1.2975823538838209
0.3529999999999999 -1.3119365601631701
0.3640000000000000 -1.3327562430764515
0.3749999999999999 -1.3610684678493719
0.3860000000000000 -1.3981856942369151
0.3969999999999999 -1.4458723110965035
0.4080000000000000 -1.5066406993899968
0.4189999999999999 -1.5843250289728141
0.4299999999999998 -1.6853274482069129
0.4409999999999999 -1.8217964429550375
0.4519999999999998 -2.0220678091301090
0.4630000000000000 -2.3871575966372576
0.4739999999999999 -3.0142198280191619
0.4850000000000000 -2.2569414411453868
0.4959999999999999 -2.0247497359344457
0.5070000000000000 -1.9005762052481210
0.5179999999999999 -1.8293358498175651
0.5290000000000000 -1.7929658400489588
0.5399999999999999 -1.7841651593404086
0.5509999999999998 -1.8003756524666314
0.5619999999999999 -1.8420852678548119
0.5729999999999998 -1.9128181164554501
0.5840000000000000 -2.0207458413275852
0.5949999999999999 -2.1842089214499310
0.6060000000000000 -2.4544748169951536
0.6169999999999999 -3.1432126209834705
0.6280000000000000 -2.8096927769183959
0.6389999999999999 -2.5195684764664454
0.6500000000000000 -2.4610211456082696
0.6609999999999999 -2.5736823418380634
0.6719999999999998 -3.2746856002513036
0.6829999999999999 -2.5246309314115996
0.6939999999999998 -2.1065394968160778
0.7050000000000000 -1.8598643336552889
0.7159999999999999 -1.6848523025546995
0.7270000000000000 -1.5527744739643212
0.7379999999999999 -1.4512918077571524
0.7490000000000000 -1.3741365495468569
0.7599999999999999 -1.3179419290039212
0.7709999999999998 -1.2810205448564047
0.7819999999999999 -1.2628569040236015
0.7929999999999998 -1.2639413770976462
0.8039999999999999 -1.2858404302804531
0.8149999999999998 -1.3315360499327331
0.8260000000000000 -1.4062398459548584
0.8369999999999999 -1.5193284552881812
0.8480000000000000 -1.6897005713305073
0.8589999999999999 -1.9661198235063726
0.8700000000000000 -2.6005470650912796
0.8809999999999999 -2.4713830052034718
0.8919999999999998 -2.2256034469554655
0.9029999999999999 -2.3270191636497626
0.9139999999999998 -3.6757290714230559
0.9249999999999999 -2.1036237604485670
0.9359999999999998 -1.7839072599881476
0.9470000000000000 -1.6334919874373486
0.9579999999999999 -1.5986142985646539
0.9690000000000000 -1.7071757095360698
0.9799999999999999 -2.2266322837725925
0.9910000000000000 -1.9298999555539225
