-0.9890000000000000 11.3642262281118089
-0.9780000000000000 10.1162363988400070
-0.9670000000000000 11.5897130584648096
-0.9560000000000000 11.7122139792922955
-0.9450000000000000 11.2700998228819866
-0.9339999999999999 10.4325671886042759
-0.9230000000000000 11.3993071574632925
-0.9120000000000000 10.9256461703798067
-0.9010000000000000 11.1583025452551929
-0.8900000000000000 10.9029957093475538
-0.8790000000000000 10.8528294502406819
-0.8680000000000000 8.4021284838906176
-0.8570000000000000 10.6072841503187636
-0.8460000000000000 10.5553510020092514
-0.8350000000000000 10.3904922498542387
-0.8240000000000001 10.1884996203579163
-0.8129999999999999 10.4710395858954861
-0.8020000000000000 10.2053931002577691
-0.7910000000000000 9.1650397215662025
-0.7800000000000000 10.0428106676141571
-0.7690000000000000 9.9229970686653157
-0.7580000000000000 9.8764877117891601
-0.7470000000000000 9.5847427483786287
-0.7360000000000000 9.6554912851117987
-0.7250000000000000 8.4440585324494659
-0.7140000000000000 9.2609757435903255
-0.7030000000000001 9.0485742936047018
-0.6919999999999999 8.4619747967728856
-0.6810000000000000 8.2603887800138871
-0.6699999999999999 8.9898882186870299
-0.6590000000000000 8.3350874734069187
-0.6480000000000000 8.8082855724709788
-0.6370000000000000 8.2255372831349227
-0.6260000000000000 8.1224756891165395
-0.6150000000000000 6.8897137532192740
-0.6040000000000001 8.1640116101970666
-0.5930000000000000 6.5194586601582287
-0.5820000000000001 8.0021702784408379
-0.5710000000000000 6.9949820295650120
-0.5600000000000001 7.9000659850026906
-0.5490000000000000 6.5547450124747746
-0.5380000000000000 7.3752925904596012
-0.5270000000000000 6.9548038037981090
-0.5160000000000000 7.3957516373218484
-0.5050000000000000 7.0668019370837127
-0.4940000000000000 6.9978095912388634
-0.4830000000000000 7.0495476930885017
-0.4720000000000000 7.0546799515343306
-0.4610000000000000 6.2845612686927215
-0.4500000000000001 7.1339125221917010
-0.4390000000000001 5.8445783672515166
-0.4280000000000000 6.6285365829896952
-0.4170000000000000 6.9842990650247589
-0.4060000000000000 6.4799384736048591
-0.3950000000000000 6.1657334660535037
-0.3840000000000000 6.2704400618454041
-0.3730000000000000 6.4388777545271703
-0.3620000000000000 5.5612186510100452
-0.3510000000000000 6.1824199976833754
-0.3400000000000001 6.3141654454109073
-0.3290000000000001 5.8322823490544229
-0.3180000000000001 5.8366741036001741
-0.3070000000000001 4.8571793789943349
-0.2960000000000000 5.7268866322077221
-0.2850000000000000 4.9788084550786049
-0.2740000000000000 5.6495193333278699
-0.2630000000000000 3.8600144065518314
-0.2520000000000000 5.2153639329003569
-0.2410000000000000 4.2750924504828118
-0.2300000000000000 5.2057344693140504
-0.2190000000000001 4.9689979887676481
-0.2080000000000001 3.4060375712706401
-0.1970000000000001 4.7305514089813245
-0.1860000000000001 4.2041337881661835
-0.1750000000000000 4.5086606728845986
-0.1640000000000000 4.1017039813589058
-0.1530000000000000 4.0869735622312238
-0.1420000000000000 3.6847144916698800
-0.1310000000000000 3.9458333959700207
-0.1200000000000000 2.7831445844676681
-0.1090000000000001 3.5474331986999892
-0.0980000000000001 3.2242311157194887
-0.0870000000000001 3.4836716072120377
-0.0760000000000001 3.4949914993510123
-0.0650000000000001 3.1708048291421367
-0.0540000000000000 2.8673802044168872
-0.0430000000000000 2.5801300991296792
-0.0320000000000000 2.6962783782475279
-0.0210000000000000 2.3831075461249114
-0.0100000000000000 2.5343189114344411
0.0010000000000000 2.3136838008765861
0.0119999999999999 1.9790369136601202
0.0230000000000000 0.8321947757553368
0.0339999999999999 1.0891978084506933
0.0450000000000000 1.6836670676000116
0.0559999999999999 0.5016944334911686
0.0670000000000001 0.9286799205998063
0.0780000000000000 1.1456849682082109
0.0889999999999999 1.1414286206378179
0.1000000000000000 0.9430812107101614
0.1109999999999999 0.5032150452188225
0.1220000000000000 -0.1040898577351240
0.1329999999999999 0.3163398907683962
0.1440000000000000 0.0351112435395056
0.1549999999999999 -0.3990984668112058
0.1660000000000000 -1.3248564065026307
0.1769999999999999 -0.3275197484224003
0.1879999999999998 -0.3030730924507100
0.1990000000000000 -0.1579819278651046
0.2099999999999999 -0.4005122092723831
0.2210000000000000 -0.8119426872701756
0.2319999999999999 -0.5432940802164747
0.2430000000000000 -0.8883445130623493
0.2539999999999999 -1.0660654008342980
0.2650000000000000 -1.6564992644576366
0.2759999999999999 -1.2234767149330668
0.2870000000000000 -1.7969247992970023
0.2979999999999999 -1.4298742003599834
0.3089999999999998 -1.7328275599046068
0.3200000000000000 -1.4837809697791029
0.3309999999999998 -1.5312282241080346
0.3420000000000000 -1.7841967383570234
0.3529999999999999 -1.7499584792045744
0.3640000000000000 -2.0811405431980261
0.3749999999999999 -2.5000738353268126
0.3860000000000000 -1.9201463455905192
0.3969999999999999 -1.7723412666616041
0.4080000000000000 -1.6905007786408153
0.4189999999999999 -1.6094541040222603
0.4299999999999998 -1.5176752027652325
0.4409999999999999 -1.3912710524299758
0.4519999999999998 -1.2875094210974314
0.4630000000000000 -1.2382473225003106
0.4739999999999999 -1.2727882976129339
0.4850000000000000 -1.4577149463117474
0.4959999999999999 -2.3129794691924008
0.5070000000000000 -1.5505299180616701
0.5179999999999999 -1.2832340488550709
0.5290000000000000 -1.2455454274969133
0.5399999999999999 -1.4023982366982426
0.5509999999999998 -2.1101411735274089
0.5619999999999999 -1.6222337136036937
0.5729999999999998 -1.4002588023905267
0.5840000000000000 -1.4916804168887940
0.5949999999999999 -2.2135454867373530
0.6060000000000000 -1.6439778316050779
0.6169999999999999 -1.4450660181438773
0.6280000000000000 -1.6263119648657614
0.6389999999999999 -2.0784757426296796
0.6500000000000000 -1.3876050997909868
0.6609999999999999 -1.2790221535955684
0.6719999999999998 -1.4829055868895495
0.6829999999999999 -2.0151911593727783
0.6939999999999998 -1.2831165896144592
0.7050000000000000 -1.1446381818262541
0.7159999999999999 -1.2149538350854998
0.7270000000000000 -1.4870673012840236
0.7379999999999999 -2.0477131894555827
0.7490000000000000 -2.3369376068545193
0.7599999999999999 -1.8157687274172347
0.7709999999999998 -1.6167090435069649
0.7819999999999999 -1.6956290093832240
0.7929999999999998 -1.9687301203780927
0.8039999999999999 -1.8377926891850833
0.8149999999999998 -1.4216271415125337
0.8260000000000000 -1.2172401013400977
0.8369999999999999 -1.2846136746045516
0.8480000000000000 -2.2267618612618523
0.8589999999999999 -1.3775240078558382
0.8700000000000000 -1.3358271718247929
0.8809999999999999 -2.5496533935113908
0.8919999999999998 -1.3892539751096720
0.9029999999999999 -1.4115383988763490
0.9139999999999998 -2.6810923470106398
0.9249999999999999 -1.4101257728205081
0.9359999999999998 -1.3087685864069549
0.9470000000000000 -1.3127975489549737
0.9579999999999999 -1.2740042467059696
0.9690000000000000 -1.6411635096763806
0.9799999999999999 -1.5352745507646886
0.9910000000000000 -2.9523268186848033
