-0.9890000000000000 -1.5532931771418532
-0.9780000000000000 -1.5757745170781183
-0.9670000000000000 -1.5989782008336657
-0.9560000000000000 -1.6229666185571729
-0.9450000000000000 -1.6478105755541956
-0.9339999999999999 -1.6735908866094764
-0.9230000000000000 -1.7004003667780891
-0.9120000000000000 -1.7283463431891466
-0.9010000000000000 -1.7575538605837511
-0.8900000000000000 -1.7881698240384352
-0.8790000000000000 -1.8203684282243338
-0.8680000000000000 -1.8543583846058469
-0.8570000000000000 -1.8903927120822244
-0.8460000000000000 -1.9287822660641809
-0.8350000000000000 -1.9699148616712765
-0.8240000000000001 -2.0142830190922836
-0.8129999999999999 -2.0625254626905485
-0.8020000000000000 -2.1154914648685734
-0.7910000000000000 -2.1743450140099387
-0.7800000000000000 -2.2407426179625585
-0.7690000000000000 -2.3171576514612333
-0.7580000000000000 -2.4075253361920836
-0.7470000000000000 -2.5186847385801725
-0.7360000000000000 -2.6642009541980425
-0.7250000000000000 -2.8777364526436147
-0.7140000000000000 -3.2974463753208569
-0.7030000000000001 -3.5278263559759941
-0.6919999999999999 -2.9676319299275296
-0.6810000000000000 -2.7355434693561760
-0.6699999999999999 -2.5883539466056016
-0.6590000000000000 -2.4811293929526004
-0.6480000000000000 -2.3972454151902700
-0.6370000000000000 -2.3286888473759233
-0.6260000000000000 -2.2709775364749301
-0.6150000000000000 -2.2213491708466204
-0.6040000000000001 -2.1779804466640362
-0.5930000000000000 -2.1396045378472941
-0.5820000000000001 -2.1053054787996923
-0.5710000000000000 -2.0743995380525098
-0.5600000000000001 -2.0463628440350603
-0.5490000000000000 -2.0207851795923810
-0.5380000000000000 -1.9973393527292069
-0.5270000000000000 -1.9757602386728341
-0.5160000000000000 -1.9558300454832018
-0.5050000000000000 -1.9373677093337891
-0.4940000000000000 -1.9202211040166641
-0.4830000000000000 -1.9042612135338399
-0.4720000000000000 -1.8893777026057281
-0.4610000000000000 -1.8754755011005244
-0.4500000000000001 -1.8624721360836811
-0.4390000000000001 -1.8502956233788603
-0.4280000000000000 -1.8388827835381512
-0.4170000000000000 -1.8281778837141878
-0.4060000000000000 -1.8181315326144245
-0.3950000000000000 -1.8086997740242154
-0.3840000000000000 -1.7998433376144591
-0.3730000000000000 -1.7915270154323162
-0.3620000000000000 -1.7837191396452035
-0.3510000000000000 -1.7763911424784191
-0.3400000000000001 -1.7695171833488514
-0.3290000000000001 -1.7630738312997232
-0.3180000000000001 -1.7570397932312209
-0.3070000000000001 -1.7513956802789279
-0.2960000000000000 -1.7461238061457145
-0.2850000000000000 -1.7412080123394267
-0.2740000000000000 -1.7366335161794253
-0.2630000000000000 -1.7323867781629001
-0.2520000000000000 -1.7284553858675182
-0.2410000000000000 -1.7248279520406258
-0.2300000000000000 -1.7214940249107098
-0.2190000000000001 -1.7184440090720998
-0.2080000000000001 -1.7156690955531126
-0.1970000000000001 -1.7131611998919754
-0.1860000000000001 -1.7109129072227243
-0.1750000000000000 -1.7089174235215063
-0.1640000000000000 -1.7071685322879724
-0.1530000000000000 -1.7056605560409965
-0.1420000000000000 -1.7043883220963401
-0.1310000000000000 -1.7033471321689149
-0.1200000000000000 -1.7025327354063220
-0.1090000000000001 -1.7019413045152392
-0.0980000000000001 -1.7015694146894438
-0.0870000000000001 -1.7014140250892655
-0.0760000000000001 -1.7014724626578825
-0.0650000000000001 -1.7017424080911940
-0.0540000000000000 -1.7022218838055840
-0.0430000000000000 -1.7029092437725413
-0.0320000000000000 -1.7038031651111751
-0.0210000000000000 -1.7049026413497990
-0.0100000000000000 -1.7062069772861319
0.0010000000000000 -1.7077157853929599
0.0119999999999999 -1.7094289837322434
0.0230000000000000 -1.7113467953563273
0.0339999999999999 -1.7134697491900226
0.0450000000000000 -1.7157986824025468
0.0559999999999999 -1.7183347442934873
0.0670000000000001 -1.7210794017326485
0.0780000000000000 -1.7240344462100585
0.0889999999999999 -1.7272020025698025
0.1000000000000000 -1.7305845395200512
0.1109999999999999 -1.7341848820320851
0.1220000000000000 -1.7380062257636728
0.1329999999999999 -1.7420521536672227
0.1440000000000000 -1.7463266549714349
0.1549999999999999 -1.7508341467570991
0.1660000000000000 -1.7555794983843742
0.1769999999999999 -1.7605680590707784
0.1879999999999998 -1.7658056889677283
0.1990000000000000 -1.7712987941398493
0.2099999999999999 -1.7770543659172016
0.2210000000000000 -1.7830800251677748
0.2319999999999999 -1.7893840721287506
0.2430000000000000 -1.7959755425428894
0.2539999999999999 -1.8028642709745717
0.2650000000000000 -1.8100609623333561
0.2759999999999999 -1.8175772728166530
0.2870000000000000 -1.8254259017048371
0.2979999999999999 -1.8336206957106129
0.3089999999999998 -1.8421767679113503
0.3200000000000000 -1.8511106336930538
0.3309999999999998 -1.8604403666268885
0.3420000000000000 -1.8701857778079798
0.3529999999999999 -1.8803686229440697
0.3640000000000000 -1.8910128424309089
0.3749999999999999 -1.9021448408476298
0.3860000000000000 -1.9137938138247201
0.3969999999999999 -1.9259921321799849
0.4080000000000000 -1.9387757957226155
0.4189999999999999 -1.9521849723813021
0.4299999999999998 -1.9662646425830637
0.4409999999999999 -1.9810653744650937
0.4519999999999998 -1.9966442630696182
0.4630000000000000 -2.0130660769105795
0.4739999999999999 -2.0304046693210260
0.4850000000000000 -2.0487447314388385
0.4959999999999999 -2.0681839910511148
0.5070000000000000 -2.0888360006125430
0.5179999999999999 -2.1108337145616205
0.5290000000000000 -2.1343341401545106
0.5399999999999999 -2.1595244731125929
0.5509999999999998 -2.1866303258459698
0.5619999999999999 -2.2159269676400388
0.5729999999999998 -2.2477550049602346
0.5840000000000000 -2.2825427883892493
0.5949999999999999 -2.3208393365098714
0.6060000000000000 -2.3633643194608434
0.6169999999999999 -2.4110869487345421
0.6280000000000000 -2.4653564886948307
0.6389999999999999 -2.5281311137720066
0.6500000000000000 -2.6024100876644516
0.6609999999999999 -2.6931338548141075
0.6719999999999998 -2.8093326919003894
0.6829999999999999 -2.9704332567816052
0.6939999999999998 -3.2329485327245209
0.7050000000000000 -4.0247201679649605
0.7159999999999999 -3.3971981648823686
0.7270000000000000 -3.0454917694571848
0.7379999999999999 -2.8522951232948435
0.7490000000000000 -2.7179974116017660
0.7599999999999999 -2.6147450493837696
0.7709999999999998 -2.5307148811090134
0.7819999999999999 -2.4597721124717733
0.7929999999999998 -2.3983207160863680
0.8039999999999999 -2.3440708959729579
0.8149999999999998 -2.2954741974653978
0.8260000000000000 -2.2514344018714385
0.8369999999999999 -2.2111469157163377
0.8480000000000000 -2.1740036828928453
0.8589999999999999 -2.1395339487750427
0.8700000000000000 -2.1073657864668602
0.8809999999999999 -2.0772002218029733
0.8919999999999998 -2.0487933091901165
0.9029999999999999 -2.0219433955024328
0.9139999999999998 -1.9964818682184653
0.9249999999999999 -1.9722663030564185
0.9359999999999998 -1.9491753010013857
0.9470000000000000 -1.9271045383101011
0.9579999999999999 -1.9059637028101035
0.9690000000000000 -1.8856740880631337
0.9799999999999999 -1.8661666828302286
0.9910000000000000 -1.8473806382935971
