-0.9890000000000000 0.7011739382293674
-0.9780000000000000 0.4247593100642971
-0.9670000000000000 0.0242551751384393
-0.9560000000000000 0.1916983610570414
-0.9450000000000000 0.5441507054979835
-0.9339999999999999 0.2649737916798389
-0.9230000000000000 0.1631399955648658
-0.9120000000000000 0.4716954541473866
-0.9010000000000000 -0.1244853562221786
-0.8900000000000000 -0.2547442488172573
-0.8790000000000000 0.0151912240657297
-0.8680000000000000 0.2189270479998045
-0.8570000000000000 -0.0853489887590863
-0.8460000000000000 -0.2767941800792587
-0.8350000000000000 -0.7835400674827935
-0.8240000000000001 -0.4014036112777231
-0.8129999999999999 -0.0516097233502017
-0.8020000000000000 -0.2737928064483057
-0.7910000000000000 -0.2058220624141618
-0.7800000000000000 -0.1844926604197518
-0.7690000000000000 -0.5903532942281093
-0.7580000000000000 -2.4328952692745469
-0.7470000000000000 -1.2068211343822408
-0.7360000000000000 -0.5861286481886061
-0.7250000000000000 -0.8573626882221448
-0.7140000000000000 -1.6881265114256554
-0.7030000000000001 -0.9821427520870855
-0.6919999999999999 -1.4022088730962430
-0.6810000000000000 -1.3261268119332734
-0.6699999999999999 -2.1232922230833062
-0.6590000000000000 -2.0689750767772264
-0.6480000000000000 -1.6843725880981533
-0.6370000000000000 -1.5451821455805042
-0.6260000000000000 -2.0814279776263502
-0.6150000000000000 -3.8211889764292484
-0.6040000000000001 -1.5469123757220786
-0.5930000000000000 -2.3019114331043022
-0.5820000000000001 -1.5554912319461791
-0.5710000000000000 -1.5309155416157201
-0.5600000000000001 -1.2422535774579182
-0.5490000000000000 -1.3989855838649048
-0.5380000000000000 -1.4393992794124433
-0.5270000000000000 -1.4058825745340378
-0.5160000000000000 -1.5759011074899911
-0.5050000000000000 -2.2236453525866104
-0.4940000000000000 -2.9983414444163410
-0.4830000000000000 -2.2351400949205602
-0.4720000000000000 -1.6828891816304932
-0.4610000000000000 -1.4655840402529332
-0.4500000000000001 -1.3719434179117986
-0.4390000000000001 -1.3305957231121237
-0.4280000000000000 -1.2993663377919364
-0.4170000000000000 -1.2926332233524211
-0.4060000000000000 -1.3140054490846005
-0.3950000000000000 -1.3109598357248220
-0.3840000000000000 -1.3371415993151303
-0.3730000000000000 -1.3555072112662350
-0.3620000000000000 -1.3860938304549932
-0.3510000000000000 -1.4053996625053915
-0.3400000000000001 -1.4193454732666830
-0.3290000000000001 -1.4347425511965348
-0.3180000000000001 -1.4359516556149372
-0.3070000000000001 -1.4466303313679307
-0.2960000000000000 -1.4361486206338936
-0.2850000000000000 -1.4344080970211288
-0.2740000000000000 -1.4255497127496615
-0.2630000000000000 -1.4176426969554501
-0.2520000000000000 -1.4069772741094357
-0.2410000000000000 -1.3951408047172666
-0.2300000000000000 -1.3800542186903686
-0.2190000000000001 -1.3676679930932261
-0.2080000000000001 -1.3545536452913658
-0.1970000000000001 -1.3378585390079998
-0.1860000000000001 -1.3264277355016707
-0.1750000000000000 -1.3151116827495595
-0.1640000000000000 -1.3075605426959109
-0.1530000000000000 -1.3013976590437213
-0.1420000000000000 -1.3009127746460813
-0.1310000000000000 -1.3037870912845959
-0.1200000000000000 -1.3132713687459729
-0.1090000000000001 -1.3281536757415422
-0.0980000000000001 -1.3502839083385560
-0.0870000000000001 -1.3802510867862929
-0.0760000000000001 -1.4198449614706030
-0.0650000000000001 -1.4713414556826236
-0.0540000000000000 -1.5380206904464289
-0.0430000000000000 -1.6257306358077195
-0.0320000000000000 -1.7454307087238896
-0.0210000000000000 -1.9222147419863616
-0.0100000000000000 -2.2407873193763002
0.0010000000000000 -3.2381212385326483
0.0119999999999999 -2.1621031510631270
0.0230000000000000 -1.8835016134837996
0.0339999999999999 -1.7203668391841853
0.0450000000000000 -1.6077679810858569
0.0559999999999999 -1.5245386716996154
0.0670000000000001 -1.4609537048796826
0.0780000000000000 -1.4118620968427600
0.0889999999999999 -1.3740771349655745
0.1000000000000000 -1.3455656656293276
0.1109999999999999 -1.3249204192684991
0.1220000000000000 -1.3110930291973939
0.1329999999999999 -1.3032007547909812
0.1440000000000000 -1.3005417147668183
0.1549999999999999 -1.3024115274848196
0.1660000000000000 -1.3081488415180489
0.1769999999999999 -1.3170367299288650
0.1879999999999998 -1.3283435576956790
0.1990000000000000 -1.3413169421918356
0.2099999999999999 -1.3552183556052129
0.2210000000000000 -1.3693562734822136
0.2319999999999999 -1.3831443714297094
0.2430000000000000 -1.3961279213613704
0.2539999999999999 -1.4079837437154266
0.2650000000000000 -1.4184718597989996
0.2759999999999999 -1.4273660651833229
0.2870000000000000 -1.4343368731294828
0.2979999999999999 -1.4388665456303984
0.3089999999999998 -1.4402134293720379
0.3200000000000000 -1.4374799361161086
0.3309999999999998 -1.4298118443885988
0.3420000000000000 -1.4166979577734564
0.3529999999999999 -1.3982877529379709
0.3640000000000000 -1.3755979138019705
0.3749999999999999 -1.3505216548722303
0.3860000000000000 -1.3256525478218470
0.3969999999999999 -1.3040302557062904
0.4080000000000000 -1.2889374302108958
0.4189999999999999 -1.2838463487043850
0.4299999999999998 -1.2925764339229262
0.4409999999999999 -1.3197532350951304
0.4519999999999998 -1.3718265172471182
0.4630000000000000 -1.4594962784760257
0.4739999999999999 -1.6048920654911156
0.4850000000000000 -1.8733331922323493
0.4959999999999999 -2.9329833856652461
0.5070000000000000 -1.9658791335909562
0.5179999999999999 -1.6680550848663991
0.5290000000000000 -1.5262233082315353
0.5399999999999999 -1.4576617296380592
0.5509999999999998 -1.4408487238515018
0.5619999999999999 -1.4710674707226379
0.5729999999999998 -1.5544122549657766
0.5840000000000000 -1.7150166210260764
0.5949999999999999 -2.0475015774051397
0.6060000000000000 -2.7304889072504057
0.6169999999999999 -1.9186763709852583
0.6280000000000000 -1.6843622513904390
0.6389999999999999 -1.5674540961595105
0.6500000000000000 -1.5102680903113912
0.6609999999999999 -1.4942956547163950
0.6719999999999998 -1.5137378985824157
0.6829999999999999 -1.5715186043574612
0.6939999999999998 -1.6838073623548007
0.7050000000000000 -1.9064461284230207
0.7159999999999999 -2.6812998504602104
0.7270000000000000 -2.0088314128293998
0.7379999999999999 -1.6513432752309893
0.7490000000000000 -1.4688820619213168
0.7599999999999999 -1.3688857590588202
0.7709999999999998 -1.3317404961617436
0.7819999999999999 -1.3585517033277887
0.7929999999999998 -1.4687527265751203
0.8039999999999999 -1.7327321992639668
0.8149999999999998 -3.2197503266407566
0.8260000000000000 -1.8166129840899037
0.8369999999999999 -1.6058470185832583
0.8480000000000000 -1.5898460880452707
0.8589999999999999 -1.7150235341935416
0.8700000000000000 -1.9851124248896741
0.8809999999999999 -2.2574817613270124
0.8919999999999998 -2.0358313556800689
0.9029999999999999 -1.7123678799919886
0.9139999999999998 -1.5791036100481999
0.9249999999999999 -1.7543308450147990
0.9359999999999998 -1.9853218021879329
0.9470000000000000 -1.3987364108579292
0.9579999999999999 -1.4414550938638466
0.9690000000000000 -1.7936546561435207
0.9799999999999999 -1.2698743370532999
0.9910000000000000 -1.5632769665573869
