-0.9890000000000000 -1.4972394968074694
-0.9780000000000000 -1.3370728617260097
-0.9670000000000000 -1.9524030172501758
-0.9560000000000000 -1.6301032055864839
-0.9450000000000000 -1.5615199247285607
-0.9339999999999999 -2.4506720656957208
-0.9230000000000000 -1.5295109656079684
-0.9120000000000000 -1.2697699854904698
-0.9010000000000000 -1.2236544200897563
-0.8900000000000000 -1.3191774966923058
-0.8790000000000000 -1.6046057977834034
-0.8680000000000000 -2.9556006973887090
-0.8570000000000000 -1.6369775704658465
-0.8460000000000000 -1.4283361453111105
-0.8350000000000000 -1.3614322002305532
-0.8240000000000001 -1.3584551759968071
-0.8129999999999999 -1.3820313595696525
-0.8020000000000000 -1.4013645955501370
-0.7910000000000000 -1.3929298780298989
-0.7800000000000000 -1.3519541974961187
-0.7690000000000000 -1.2930586948234670
-0.7580000000000000 -1.2357552294305860
-0.7470000000000000 -1.1948039356840230
-0.7360000000000000 -1.1792935919493586
-0.7250000000000000 -1.1957939179760717
-0.7140000000000000 -1.2518719327428671
-0.7030000000000001 -1.3612207891971169
-0.6919999999999999 -1.5581555077027269
-0.6810000000000000 -1.9871894193436788
-0.6699999999999999 -2.1932199595674682
-0.6590000000000000 -1.6897330340089212
-0.6480000000000000 -1.5207940850380326
-0.6370000000000000 -1.4614707203250017
-0.6260000000000000 -1.4763703590309611
-0.6150000000000000 -1.5671695260340588
-0.6040000000000001 -1.7769387260741980
-0.5930000000000000 -2.4258813651775903
-0.5820000000000001 -1.9965797439402635
-0.5710000000000000 -1.6372239792786594
-0.5600000000000001 -1.4729319794342077
-0.5490000000000000 -1.3902689199660441
-0.5380000000000000 -1.3613953209498082
-0.5270000000000000 -1.3784982372308867
-0.5160000000000000 -1.4445978112717965
-0.5050000000000000 -1.5776395156368277
-0.4940000000000000 -1.8434008734241525
-0.4830000000000000 -3.1380024120025110
-0.4720000000000000 -1.8780045227559206
-0.4610000000000000 -1.5767196462553446
-0.4500000000000001 -1.4183931990578058
-0.4390000000000001 -1.3226151686609007
-0.4280000000000000 -1.2644734668620001
-0.4170000000000000 -1.2326205943339461
-0.4060000000000000 -1.2206000052895145
-0.3950000000000000 -1.2240022686175100
-0.3840000000000000 -1.2392349192934147
-0.3730000000000000 -1.2628709054587930
-0.3620000000000000 -1.2912785955762252
-0.3510000000000000 -1.3205010932541541
-0.3400000000000001 -1.3464437160051812
-0.3290000000000001 -1.3654198726982285
-0.3180000000000001 -1.3749255460423291
-0.3070000000000001 -1.3742704072945133
-0.2960000000000000 -1.3646640524088645
-0.2850000000000000 -1.3486827297265664
-0.2740000000000000 -1.3294389271515012
-0.2630000000000000 -1.3098661558544533
-0.2520000000000000 -1.2923173345609500
-0.2410000000000000 -1.2784483189862343
-0.2300000000000000 -1.2692700856902777
-0.2190000000000001 -1.2652607949308872
-0.2080000000000001 -1.2664840646420179
-0.1970000000000001 -1.2726902155960043
-0.1860000000000001 -1.2834013017998485
-0.1750000000000000 -1.2979890196489701
-0.1640000000000000 -1.3157554303904975
-0.1530000000000000 -1.3360249382865330
-0.1420000000000000 -1.3582480336917242
-0.1310000000000000 -1.3821119793944034
-0.1200000000000000 -1.4076448535236992
-0.1090000000000001 -1.4353012078330190
-0.0980000000000001 -1.4660240904214681
-0.0870000000000001 -1.5012973778152898
-0.0760000000000001 -1.5432272437573584
-0.0650000000000001 -1.5947279673375934
-0.0540000000000000 -1.6599657638967762
-0.0430000000000000 -1.7454237900638203
-0.0320000000000000 -1.8626944399719760
-0.0210000000000000 -2.0374804771409996
-0.0100000000000000 -2.3548058176674984
0.0010000000000000 -3.3533668207004710
0.0119999999999999 -2.2762614192262811
0.0230000000000000 -1.9992192932343038
0.0339999999999999 -1.8381706542023133
0.0450000000000000 -1.7279646038996155
0.0559999999999999 -1.6468344552259668
0.0670000000000001 -1.5844865930606202
0.0780000000000000 -1.5349901847372867
0.0889999999999999 -1.4944598892441130
0.1000000000000000 -1.4601507698102414
0.1109999999999999 -1.4300792275412886
0.1220000000000000 -1.4028640961908376
0.1329999999999999 -1.3776549964584839
0.1440000000000000 -1.3540802246958563
0.1549999999999999 -1.3321806646061387
0.1660000000000000 -1.3123202548768407
0.1769999999999999 -1.2950795441174918
0.1879999999999998 -1.2811456710438940
0.1990000000000000 -1.2712102976213606
0.2099999999999999 -1.2658802082161169
0.2210000000000000 -1.2655976932148394
0.2319999999999999 -1.2705622361411324
0.2430000000000000 -1.2806429204766776
0.2539999999999999 -1.2952736890341210
0.2650000000000000 -1.3133341216509022
0.2759999999999999 -1.3330419209754736
0.2870000000000000 -1.3519233185836055
0.2979999999999999 -1.3669725423310892
0.3089999999999998 -1.3751135273951931
0.3200000000000000 -1.3739594809796574
0.3309999999999998 -1.3626222727906858
0.3420000000000000 -1.3421481697107622
0.3529999999999999 -1.3153134297392726
0.3640000000000000 -1.2859332878883654
0.3749999999999999 -1.2581079092107161
0.3860000000000000 -1.2357388913203138
0.3969999999999999 -1.2224035497567871
0.4080000000000000 -1.2215252911467014
0.4189999999999999 -1.2367853725515401
0.4299999999999998 -1.2728474587468488
0.4409999999999999 -1.3367663935285070
0.4519999999999998 -1.4413895344715839
0.4630000000000000 -1.6164104219189015
0.4739999999999999 -1.9695369699036913
0.4850000000000000 -2.4863921575694352
0.4959999999999999 -1.7775769762260871
0.5070000000000000 -1.5467484030290064
0.5179999999999999 -1.4284215394821380
0.5290000000000000 -1.3719712522163063
0.5399999999999999 -1.3631510214723646
0.5509999999999998 -1.4008539364745747
0.5619999999999999 -1.4953336981648586
0.5729999999999998 -1.6812576292211152
0.5840000000000000 -2.1203780522812492
0.5949999999999999 -2.2059543478024763
0.6060000000000000 -1.7249130619270483
0.6169999999999999 -1.5439794626767067
0.6280000000000000 -1.4684479673822919
0.6389999999999999 -1.4663519241326191
0.6500000000000000 -1.5413216930283002
0.6609999999999999 -1.7408769612325772
0.6719999999999998 -2.4541231459214954
0.6829999999999999 -1.8706058667503567
0.6939999999999998 -1.5125973797575636
0.7050000000000000 -1.3363117931360686
0.7159999999999999 -1.2382414978694933
0.7270000000000000 -1.1901045533839043
0.7379999999999999 -1.1799061920834348
0.7490000000000000 -1.2005576622318443
0.7599999999999999 -1.2452923293981031
0.7709999999999998 -1.3041656034773490
0.7819999999999999 -1.3613151984598852
0.7929999999999998 -1.3969989812123569
0.8039999999999999 -1.3993755715447798
0.8149999999999998 -1.3771461887089216
0.8260000000000000 -1.3560314185850946
0.8369999999999999 -1.3675006463777593
0.8480000000000000 -1.4516553866573523
0.8589999999999999 -1.7079556387304013
0.8700000000000000 -2.4597175386770864
0.8809999999999999 -1.5300790394372881
0.8919999999999998 -1.2910265386605757
0.9029999999999999 -1.2212312315895140
0.9139999999999998 -1.2963926117966087
0.9249999999999999 -1.6243749769603926
0.9359999999999998 -2.0361617321941115
0.9470000000000000 -1.5343533903171165
0.9579999999999999 -1.7199318477045318
0.9690000000000000 -1.7233195917860613
0.9799999999999999 -1.3173909375906745
0.9910000000000000 -1.6245755221611253
