-0.9890000000000000 -0.3822055986800416
-0.9780000000000000 -0.1516291315032646
-0.9670000000000000 -0.3911677931877913
-0.9560000000000000 -1.0093291687746937
-0.9450000000000000 -2.2399753732639471
-0.9339999999999999 -0.6856288454994424
-0.9230000000000000 -2.2884451533145853
-0.9120000000000000 -0.5825471720332738
-0.9010000000000000 -0.6580897269735859
-0.8900000000000000 -1.3042993462776971
-0.8790000000000000 -0.9910176494772355
-0.8680000000000000 -1.1135788454769493
-0.8570000000000000 -0.9427109863207891
-0.8460000000000000 -1.9340647339560295
-0.8350000000000000 -1.3200417089544265
-0.8240000000000001 -0.8312969523060967
-0.8129999999999999 -1.1910344254037368
-0.8020000000000000 -1.5986057836977137
-0.7910000000000000 -1.3672083873366854
-0.7800000000000000 -1.1280828999368169
-0.7690000000000000 -1.7454714451439191
-0.7580000000000000 -2.1309548471526267
-0.7470000000000000 -1.9166170722704923
-0.7360000000000000 -1.1332368078920079
-0.7250000000000000 -1.4274416947195774
-0.7140000000000000 -1.1035553310218285
-0.7030000000000001 -1.0940361428990835
-0.6919999999999999 -1.1654399182484321
-0.6810000000000000 -1.3488964774028158
-0.6699999999999999 -1.8631015620990450
-0.6590000000000000 -2.8773649076738721
-0.6480000000000000 -1.4601612535511752
-0.6370000000000000 -1.3334885514525237
-0.6260000000000000 -1.2713461205704562
-0.6150000000000000 -1.3391012373938962
-0.6040000000000001 -1.4762973386921896
-0.5930000000000000 -2.0507199668276641
-0.5820000000000001 -1.8077894208042751
-0.5710000000000000 -1.4924001129322939
-0.5600000000000001 -1.3514054340797317
-0.5490000000000000 -1.2752379283424793
-0.5380000000000000 -1.2550454573738492
-0.5270000000000000 -1.3694116434467229
-0.5160000000000000 -1.5302669584565614
-0.5050000000000000 -1.9309147944655483
-0.4940000000000000 -2.3205244071374835
-0.4830000000000000 -1.6766471804661902
-0.4720000000000000 -1.4614862881606807
-0.4610000000000000 -1.3428322400403458
-0.4500000000000001 -1.3035792715888836
-0.4390000000000001 -1.2845711911628372
-0.4280000000000000 -1.2848154838937160
-0.4170000000000000 -1.3059434730780122
-0.4060000000000000 -1.3299520998870578
-0.3950000000000000 -1.3571028477136604
-0.3840000000000000 -1.3748941161398436
-0.3730000000000000 -1.3847846955904390
-0.3620000000000000 -1.3869367247352533
-0.3510000000000000 -1.3848808525045373
-0.3400000000000001 -1.3824010308955756
-0.3290000000000001 -1.3780660700544820
-0.3180000000000001 -1.3803267984842007
-0.3070000000000001 -1.3811669502665829
-0.2960000000000000 -1.3910951946222194
-0.2850000000000000 -1.3989025865591873
-0.2740000000000000 -1.4087409973346938
-0.2630000000000000 -1.4111129087824488
-0.2520000000000000 -1.4102569836024370
-0.2410000000000000 -1.4020828501875582
-0.2300000000000000 -1.3879770926905119
-0.2190000000000001 -1.3695028837327792
-0.2080000000000001 -1.3485977831585980
-0.1970000000000001 -1.3293002184518363
-0.1860000000000001 -1.3123665473805850
-0.1750000000000000 -1.3001763643443511
-0.1640000000000000 -1.2925796721066567
-0.1530000000000000 -1.2906878587036654
-0.1420000000000000 -1.2941106203730737
-0.1310000000000000 -1.3031790967951442
-0.1200000000000000 -1.3176313032869547
-0.1090000000000001 -1.3373296989671304
-0.0980000000000001 -1.3628231525474312
-0.0870000000000001 -1.3946941111030713
-0.0760000000000001 -1.4346832739240754
-0.0650000000000001 -1.4849312883948063
-0.0540000000000000 -1.5493450466597518
-0.0430000000000000 -1.6343012078746564
-0.0320000000000000 -1.7511176744179546
-0.0210000000000000 -1.9254840260207398
-0.0100000000000000 -2.2426506285601473
0.0010000000000000 -3.2410239364389608
0.0119999999999999 -2.1641449578276282
0.0230000000000000 -1.8873271684714867
0.0339999999999999 -1.7266372088943791
0.0450000000000000 -1.6169015084699851
0.0559999999999999 -1.5363820179956529
0.0670000000000001 -1.4748823250365841
0.0780000000000000 -1.4267055112928544
0.0889999999999999 -1.3883802181900471
0.1000000000000000 -1.3576953591077836
0.1109999999999999 -1.3333227987064653
0.1220000000000000 -1.3145571448766542
0.1329999999999999 -1.3011313055174210
0.1440000000000000 -1.2930676085321549
0.1549999999999999 -1.2904880808485681
0.1660000000000000 -1.2934815452087423
0.1769999999999999 -1.3019195953361664
0.1879999999999998 -1.3153197493482549
0.1990000000000000 -1.3326991186376964
0.2099999999999999 -1.3524939090071477
0.2210000000000000 -1.3725774167350124
0.2319999999999999 -1.3904680446033588
0.2430000000000000 -1.4037866656868940
0.2539999999999999 -1.4108777795632048
0.2650000000000000 -1.4113612742449435
0.2759999999999999 -1.4063137498784610
0.2870000000000000 -1.3979459635579252
0.2979999999999999 -1.3889387958675907
0.3089999999999998 -1.3817319973685864
0.3200000000000000 -1.3779668760924908
0.3309999999999998 -1.3781243428600578
0.3420000000000000 -1.3813280422453373
0.3529999999999999 -1.3853420997444648
0.3640000000000000 -1.3869065043936895
0.3749999999999999 -1.3825983167201361
0.3860000000000000 -1.3701729973861927
0.3969999999999999 -1.3498517323255776
0.4080000000000000 -1.3247856484247793
0.4189999999999999 -1.3004655744304197
0.4299999999999998 -1.2836968629989445
0.4409999999999999 -1.2820149977515947
0.4519999999999998 -1.3041500771178851
0.4630000000000000 -1.3622704280141340
0.4739999999999999 -1.4789412814049656
0.4850000000000000 -1.7168548838866007
0.4959999999999999 -2.6192147870880818
0.5070000000000000 -1.8104528502742834
0.5179999999999999 -1.4924518425891091
0.5290000000000000 -1.3446259905445832
0.5399999999999999 -1.2812961995097734
0.5509999999999998 -1.2851760715662537
0.5619999999999999 -1.3634315585141539
0.5729999999999998 -1.5602644514405466
0.5840000000000000 -2.1686495736618920
0.5949999999999999 -1.8102073985001244
0.6060000000000000 -1.4537314859693236
0.6169999999999999 -1.3158015600180137
0.6280000000000000 -1.2849470929661948
0.6389999999999999 -1.3517499796359329
0.6500000000000000 -1.5699060788693382
0.6609999999999999 -2.6658607706099664
0.6719999999999998 -1.6002191293974595
0.6829999999999999 -1.3062309190337291
0.6939999999999998 -1.1821211146573185
0.7050000000000000 -1.1493190732801586
0.7159999999999999 -1.1912073961598435
0.7270000000000000 -1.3118078745617312
0.7379999999999999 -1.5339504601444141
0.7490000000000000 -1.9121528175357054
0.7599999999999999 -2.4446533070676075
0.7709999999999998 -2.1838602880391895
0.7819999999999999 -1.6903127016152655
0.7929999999999998 -1.3951319005425176
0.8039999999999999 -1.2343495873796979
0.8149999999999998 -1.1780109070990217
0.8260000000000000 -1.2272671049528270
0.8369999999999999 -1.4278252815831232
0.8480000000000000 -2.1244870632131891
0.8589999999999999 -1.7273058104241434
0.8700000000000000 -1.5255622743372852
0.8809999999999999 -1.7015317476928358
0.8919999999999998 -2.1710228674278511
0.9029999999999999 -1.4490205143331625
0.9139999999999998 -1.3178178484853889
0.9249999999999999 -1.4776566751365532
0.9359999999999998 -2.8238341363224966
0.9470000000000000 -1.5425478526170326
0.9579999999999999 -1.7695505938139395
0.9690000000000000 -1.4924325711584983
0.9799999999999999 -1.2833360452358982
0.9910000000000000 -1.4934526045255552
