-0.9890000000000000 -3.1461394381960539
-0.9780000000000000 -3.2428173673875422
-0.9670000000000000 -3.3579957660056556
-0.9560000000000000 -3.5025824599861588
-0.9450000000000000 -3.7015374024960228
-0.9339999999999999 -4.0381156043506374
-0.9230000000000000 -5.1163456789549038
-0.9120000000000000 -4.0032937118182756
-0.9010000000000000 -3.7363638909763481
-0.8900000000000000 -3.5838229960410009
-0.8790000000000000 -3.4799022889728941
-0.8680000000000000 -3.4031389392788913
-0.8570000000000000 -3.3438011340995515
-0.8460000000000000 -3.2966466496750768
-0.8350000000000000 -3.2585289773444561
-0.8240000000000001 -3.2274131376541813
-0.8129999999999999 -3.2019092467446475
-0.8020000000000000 -3.1810279189776511
-0.7910000000000000 -3.1640418573897882
-0.7800000000000000 -3.1504027374396397
-0.7690000000000000 -3.1396888600316912
-0.7580000000000000 -3.1315708764768071
-0.7470000000000000 -3.1257886158035832
-0.7360000000000000 -3.1221349989889675
-0.7250000000000000 -3.1204446306655709
-0.7140000000000000 -3.1205855720592308
-0.7030000000000001 -3.1224533388728681
-0.6919999999999999 -3.1259664984626072
-0.6810000000000000 -3.1310634497706062
-0.6699999999999999 -3.1377001060477290
-0.6590000000000000 -3.1458482927210603
-0.6480000000000000 -3.1554947378299487
-0.6370000000000000 -3.1666405809056117
-0.6260000000000000 -3.1793013650936954
-0.6150000000000000 -3.1935075118510050
-0.6040000000000001 -3.2093053120050419
-0.5930000000000000 -3.2267585056203059
-0.5820000000000001 -3.2459505710710879
-0.5710000000000000 -3.2669879079591126
-0.5600000000000001 -3.2900041894808387
-0.5490000000000000 -3.3151662942191549
-0.5380000000000000 -3.3426824328168396
-0.5270000000000000 -3.3728134094565760
-0.5160000000000000 -3.4058884872775175
-0.5050000000000000 -3.4423282205461652
-0.4940000000000000 -3.4826781854978499
-0.4830000000000000 -3.5276604225123025
-0.4720000000000000 -3.5782549750823951
-0.4610000000000000 -3.6358353862810615
-0.4500000000000001 -3.7024075140024975
-0.4390000000000001 -3.7810633748666413
-0.4280000000000000 -3.8769343087268036
-0.4170000000000000 -3.9994937742042520
-0.4060000000000000 -4.1694474111756321
-0.3950000000000000 -4.4490391219845877
-0.3840000000000000 -5.4227997061373117
-0.3730000000000000 -4.5592204015534978
-0.3620000000000000 -4.2329228189733712
-0.3510000000000000 -4.0512943931926806
-0.3400000000000001 -3.9257310960313831
-0.3290000000000001 -3.8302942414986902
-0.3180000000000001 -3.7537639425137370
-0.3070000000000001 -3.6902556551838144
-0.2960000000000000 -3.6362958954129136
-0.2850000000000000 -3.5896621491617187
-0.2740000000000000 -3.5488462687891009
-0.2630000000000000 -3.5127780023826607
-0.2520000000000000 -3.4806706178160605
-0.2410000000000000 -3.4519291390931111
-0.2300000000000000 -3.4260929969620246
-0.2190000000000001 -3.4027986831201571
-0.2080000000000001 -3.3817545809016818
-0.1970000000000001 -3.3627235011644352
-0.1860000000000001 -3.3455102581056910
-0.1750000000000000 -3.3299526374005839
-0.1640000000000000 -3.3159147055740190
-0.1530000000000000 -3.3032817713581286
-0.1420000000000000 -3.2919565359784162
-0.1310000000000000 -3.2818561145269687
-0.1200000000000000 -3.2729097060465766
-0.1090000000000001 -3.2650567540773556
-0.0980000000000001 -3.2582454833366135
-0.0870000000000001 -3.2524317288272369
-0.0760000000000001 -3.2475779953855208
-0.0650000000000001 -3.2436527013199123
-0.0540000000000000 -3.2406295712395550
-0.0430000000000000 -3.2384871516770848
-0.0320000000000000 -3.2372084295390269
-0.0210000000000000 -3.2367805383735746
-0.0100000000000000 -3.2371945413426957
0.0010000000000000 -3.2384452829468180
0.0119999999999999 -3.2405313041987340
0.0230000000000000 -3.2434548182588756
0.0339999999999999 -3.2472217456827330
0.0450000000000000 -3.2518418105098372
0.0559999999999999 -3.2573287005865126
0.0670000000000001 -3.2637002978780676
0.0780000000000000 -3.2709789872524113
0.0889999999999999 -3.2791920554936329
0.1000000000000000 -3.2883721963682824
0.1109999999999999 -3.2985581427562201
0.1220000000000000 -3.3097954536101537
0.1329999999999999 -3.3221374924791900
0.1440000000000000 -3.3356466464305177
0.1549999999999999 -3.3503958507875398
0.1660000000000000 -3.3664705081902531
0.1769999999999999 -3.3839709231430462
0.1879999999999998 -3.4030154201973297
0.1990000000000000 -3.4237443827525378
0.2099999999999999 -3.4463255523186080
0.2210000000000000 -3.4709610851945656
0.2319999999999999 -3.4978971093673756
0.2430000000000000 -3.5274369197790882
0.2539999999999999 -3.5599596057015304
0.2650000000000000 -3.5959470299885345
0.2759999999999999 -3.6360240940058883
0.2870000000000000 -3.6810209989234934
0.2979999999999999 -3.7320737053531432
0.3089999999999998 -3.7907946921047082
0.3200000000000000 -3.8595827947655925
0.3309999999999998 -3.9422350021013104
0.3420000000000000 -4.0453008936493635
0.3529999999999999 -4.1816198874702426
0.3640000000000000 -4.3823788013316438
0.3749999999999999 -4.7682706299219397
0.3860000000000000 -5.1334200260355169
0.3969999999999999 -4.4988496190824900
0.4080000000000000 -4.2521647061317021
0.4189999999999999 -4.0966524032224205
0.4299999999999998 -3.9832442556944305
0.4409999999999999 -3.8942850946997565
0.4519999999999998 -3.8213862197641029
0.4630000000000000 -3.7598991941918389
0.4739999999999999 -3.7069797119191374
0.4850000000000000 -3.6607621532646397
0.4959999999999999 -3.6199583895197911
0.5070000000000000 -3.5836434333446348
0.5179999999999999 -3.5511323853751082
0.5290000000000000 -3.5219056876665316
0.5399999999999999 -3.4955616074410782
0.5509999999999998 -3.4717848853586646
0.5619999999999999 -3.4503254040492228
0.5729999999999998 -3.4309833027560903
0.5840000000000000 -3.4135983759660924
0.5949999999999999 -3.3980424041460666
0.6060000000000000 -3.3842135476663828
0.6169999999999999 -3.3720322328958754
0.6280000000000000 -3.3614381492003909
0.6389999999999999 -3.3523881004092666
0.6500000000000000 -3.3448545394108415
0.6609999999999999 -3.3388246751676212
0.6719999999999998 -3.3343000872591144
0.6829999999999999 -3.3312968206119695
0.6939999999999998 -3.3298459672353733
0.7050000000000000 -3.3299947767805076
0.7159999999999999 -3.3318083779740784
0.7270000000000000 -3.3353722438454345
0.7379999999999999 -3.3407956027587886
0.7490000000000000 -3.3482160961164023
0.7599999999999999 -3.3578061308085574
0.7709999999999998 -3.3697816012309998
0.7819999999999999 -3.3844140162733733
0.7929999999999998 -3.4020476591754401
0.8039999999999999 -3.4231244169656962
0.8149999999999998 -3.4482207040530706
0.8260000000000000 -3.4781042227212580
0.8369999999999999 -3.5138248053273613
0.8480000000000000 -3.5568671814511794
0.8589999999999999 -3.6094243193447686
0.8700000000000000 -3.6749271872898710
0.8809999999999999 -3.7591875888426891
0.8919999999999998 -3.8732695352645807
0.9029999999999999 -4.0426519943859498
0.9139999999999998 -4.3534658911500514
0.9249999999999999 -5.2848621191364362
0.9359999999999998 -4.2370225057149851
0.9470000000000000 -3.9430394592470832
0.9579999999999999 -3.7607217009768146
0.9690000000000000 -3.6262632021664296
0.9799999999999999 -3.5186086165070929
0.9910000000000000 -3.4281548190435944
