-0.9890000000000000 -6.5541413405189530
-0.9780000000000000 -7.0871161059069276
-0.9670000000000000 -6.4587324949937059
-0.9560000000000000 -6.2734653759189145
-0.9450000000000000 -6.1873669455902744
-0.9339999999999999 -6.1489928390156416
-0.9230000000000000 -6.1408904765745405
-0.9120000000000000 -6.1557101018467675
-0.9010000000000000 -6.1905636499215158
-0.8900000000000000 -6.2453949371223478
-0.8790000000000000 -6.3229358094832611
-0.8680000000000000 -6.4301933749815845
-0.8570000000000000 -6.5836307941125281
-0.8460000000000000 -6.8304897353372391
-0.8350000000000000 -7.4507713510332287
-0.8240000000000001 -7.1345043449205825
-0.8129999999999999 -6.7536615414381949
-0.8020000000000000 -6.5659683694714426
-0.7910000000000000 -6.4461999676168791
-0.7800000000000000 -6.3624318439233383
-0.7690000000000000 -6.3015825430889318
-0.7580000000000000 -6.2570137340028325
-0.7470000000000000 -6.2249173600360921
-0.7360000000000000 -6.2029390736528089
-0.7250000000000000 -6.1895607413885161
-0.7140000000000000 -6.1837923533486938
-0.7030000000000001 -6.1850082121323027
-0.6919999999999999 -6.1928587256515355
-0.6810000000000000 -6.2072272409757030
-0.6699999999999999 -6.2282188512772896
-0.6590000000000000 -6.2561781300769255
-0.6480000000000000 -6.2917411792195015
-0.6370000000000000 -6.3359387113240242
-0.6260000000000000 -6.3903881925564843
-0.6150000000000000 -6.4576616184308291
-0.6040000000000001 -6.5420433682885974
-0.5930000000000000 -6.6512888800381189
-0.5820000000000001 -6.8015320900612144
-0.5710000000000000 -7.0360788868577586
-0.5600000000000001 -7.5805011327019312
-0.5490000000000000 -7.4133252129485214
-0.5380000000000000 -6.9916925257758731
-0.5270000000000000 -6.7876300264773022
-0.5160000000000000 -6.6547373791673490
-0.5050000000000000 -6.5582490433150804
-0.4940000000000000 -6.4842829574177223
-0.4830000000000000 -6.4258811286186006
-0.4720000000000000 -6.3790631035018723
-0.4610000000000000 -6.3413465815407486
-0.4500000000000001 -6.3110888464653563
-0.4390000000000001 -6.2871571104416653
-0.4280000000000000 -6.2687488982195214
-0.4170000000000000 -6.2552878632030300
-0.4060000000000000 -6.2463605951235603
-0.3950000000000000 -6.2416772500011906
-0.3840000000000000 -6.2410469488323228
-0.3730000000000000 -6.2443630123737393
-0.3620000000000000 -6.2515953709330194
-0.3510000000000000 -6.2627888782413006
-0.3400000000000001 -6.2780672628176353
-0.3290000000000001 -6.2976433818512234
-0.3180000000000001 -6.3218375651083445
-0.3070000000000001 -6.3511075219191158
-0.2960000000000000 -6.3860961735020085
-0.2850000000000000 -6.4277092166222394
-0.2740000000000000 -6.4772452875812450
-0.2630000000000000 -6.5366260014424258
-0.2520000000000000 -6.6088324106348439
-0.2410000000000000 -6.6988171857921186
-0.2300000000000000 -6.8156898615674573
-0.2190000000000001 -6.9791625291509520
-0.2080000000000001 -7.2470877202287349
-0.1970000000000001 -8.0784610499642930
-0.1860000000000001 -7.4034006272999635
-0.1750000000000000 -7.0626862534479073
-0.1640000000000000 -6.8778740020724705
-0.1530000000000000 -6.7522784771476658
-0.1420000000000000 -6.6585493283805599
-0.1310000000000000 -6.5850302225094497
-0.1200000000000000 -6.5256670357687758
-0.1090000000000001 -6.4769166830703764
-0.0980000000000001 -6.4365335442049050
-0.0870000000000001 -6.4030122933539042
-0.0760000000000001 -6.3753026406246116
-0.0650000000000001 -6.3526510945801311
-0.0540000000000000 -6.3345077035640225
-0.0430000000000000 -6.3204685304028478
-0.0320000000000000 -6.3102390089208518
-0.0210000000000000 -6.3036101949293233
-0.0100000000000000 -6.3004434317519182
0.0010000000000000 -6.3006608626917471
0.0119999999999999 -6.3042403440838068
0.0230000000000000 -6.3112140272482842
0.0339999999999999 -6.3216704150419591
0.0450000000000000 -6.3357601767290754
0.0559999999999999 -6.3537065651402171
0.0670000000000001 -6.3758220479535153
0.0780000000000000 -6.4025339926970908
0.0889999999999999 -6.4344243718750391
0.1000000000000000 -6.4722923948570870
0.1109999999999999 -6.5172567885964687
0.1220000000000000 -6.5709310525978619
0.1329999999999999 -6.6357435068776471
0.1440000000000000 -6.7155733168601079
0.1549999999999999 -6.8171696531326873
0.1660000000000000 -6.9538999720340557
0.1769999999999999 -7.1587774375307278
0.1879999999999998 -7.5652672049252256
0.1990000000000000 -7.8246384118842958
0.2099999999999999 -7.2453011654889634
0.2210000000000000 -7.0084526844428856
0.2319999999999999 -6.8590910369739930
0.2430000000000000 -6.7513169130759083
0.2539999999999999 -6.6682808287689461
0.2650000000000000 -6.6019077298250011
0.2759999999999999 -6.5477103404015589
0.2870000000000000 -6.5029484366637558
0.2979999999999999 -6.4658380056726754
0.3089999999999998 -6.4351652049810308
0.3200000000000000 -6.4100799136870901
0.3309999999999998 -6.3899776571255806
0.3420000000000000 -6.3744287132300892
0.3529999999999999 -6.3631342071193639
0.3640000000000000 -6.3558986729420335
0.3749999999999999 -6.3526133778476446
0.3860000000000000 -6.3532473098771209
0.3969999999999999 -6.3578442723069593
0.4080000000000000 -6.3665255969197538
0.4189999999999999 -6.3794989107577571
0.4299999999999998 -6.3970744404379163
0.4409999999999999 -6.4196918441972430
0.4519999999999998 -6.4479630731597739
0.4630000000000000 -6.4827414010817819
0.4739999999999999 -6.5252360142586001
0.4850000000000000 -6.5772115509773270
0.4959999999999999 -6.6413593192852938
0.5070000000000000 -6.7220527296373005
0.5179999999999999 -6.8270893689654493
0.5290000000000000 -6.9725300056695909
0.5399999999999999 -7.2011183845275175
0.5509999999999998 -7.7314823045019025
0.5619999999999999 -7.5827837978206309
0.5729999999999998 -7.1508391501874540
0.5840000000000000 -6.9411553112521345
0.5949999999999999 -6.8036133374854106
0.6060000000000000 -6.7030490521341513
0.6169999999999999 -6.6255392598486527
0.6280000000000000 -6.5641792114888240
0.6389999999999999 -6.5150836120992306
0.6500000000000000 -6.4758945082047132
0.6609999999999999 -6.4451216792061388
0.6719999999999998 -6.4218172018364159
0.6829999999999999 -6.4054039259047899
0.6939999999999998 -6.3955836601010914
0.7050000000000000 -6.3922921959851413
0.7159999999999999 -6.3956869764539990
0.7270000000000000 -6.4061636286988195
0.7379999999999999 -6.4244059807167666
0.7490000000000000 -6.4514850154711914
0.7599999999999999 -6.4890421151813271
0.7709999999999998 -6.5396365923265201
0.7819999999999999 -6.6074534917600474
0.7929999999999998 -6.6999208835790132
0.8039999999999999 -6.8321215136507387
0.8149999999999998 -7.0430183436058886
0.8260000000000000 -7.5134188340103627
0.8369999999999999 -7.5034531414488645
0.8480000000000000 -7.0262074719234615
0.8589999999999999 -6.8067946186817219
0.8700000000000000 -6.6672719243933907
0.8809999999999999 -6.5697241726012923
0.8919999999999998 -6.5001616039919572
0.9029999999999999 -6.4525731715375310
0.9139999999999998 -6.4247892256225008
0.9249999999999999 -6.4173406307586314
0.9359999999999998 -6.4337420564841272
0.9470000000000000 -6.4825545027119089
0.9579999999999999 -6.5845144055217428
0.9690000000000000 -6.8055147934507989
0.9799999999999999 -7.9197864520090473
0.9910000000000000 -6.7463936321260274
