-0.9890000000000000 0.0000015500060175
-0.9780000000000000 0.0000006861391877
-0.9670000000000000 0.0000000868074416
-0.9560000000000000 0.0000000737894241
-0.9450000000000000 0.0000000471125188
-0.9339999999999999 0.0000000099788546
-0.9229999999999999 0.0000000025417849
-0.9119999999999999 0.0000000037523098
-0.9009999999999999 0.0000000001925851
-0.8899999999999999 0.0000000000224364
-0.8789999999999999 0.0000000009985217
-0.8679999999999999 0.0000000010600424
-0.8569999999999999 0.0000000001442615
-0.8459999999999999 0.0000000006369487
-0.8349999999999999 0.0000000015116863
-0.8239999999999998 0.0000000005940624
-0.8129999999999998 0.0000000002954135
-0.8019999999999998 0.0000000017633880
-0.7909999999999998 0.0000000013174490
-0.7799999999999998 0.0000000000151551
-0.7689999999999998 0.0000000017539582
-0.7579999999999998 0.0000000022059993
-0.7469999999999998 0.0000000001985049
-0.7359999999999998 0.0000000014032521
-0.7249999999999998 0.0000000030930271
-0.7139999999999997 0.0000000010772682
-0.7029999999999997 0.0000000007434536
-0.6919999999999997 0.0000000037483804
-0.6809999999999997 0.0000000025966036
-0.6699999999999997 0.0000000000866138
-0.6589999999999997 0.0000000039001471
-0.6479999999999997 0.0000000045812312
-0.6369999999999997 0.0000000002818007
-0.6259999999999997 0.0000000033093592
-0.6149999999999997 0.0000000066994838
-0.6039999999999996 0.0000000020494058
-0.5929999999999996 0.0000000019484243
-0.5819999999999996 0.0000000084393502
-0.5709999999999996 0.0000000053893243
-0.5599999999999996 0.0000000003698794
-0.5489999999999996 0.0000000091382789
-0.5379999999999996 0.0000000099816262
-0.5269999999999996 0.0000000003613814
-0.5159999999999996 0.0000000081413215
-0.5049999999999996 0.0000000150802498
-0.4939999999999996 0.0000000039407398
-0.4829999999999995 0.0000000052150310
-0.4719999999999995 0.0000000194212718
-0.4609999999999995 0.0000000111953254
-0.4499999999999995 0.0000000013893349
-0.4389999999999995 0.0000000213054455
-0.4279999999999995 0.0000000210777989
-0.4169999999999995 0.0000000003042837
-0.4059999999999995 0.0000000191011680
-0.3949999999999995 0.0000000310625815
-0.3839999999999995 0.0000000062803509
-0.3729999999999994 0.0000000124698773
-0.3619999999999994 0.0000000369812828
-0.3509999999999994 0.0000000169954609
-0.3399999999999994 0.0000000041746673
-0.3289999999999994 0.0000000340092425
-0.3179999999999994 0.0000000237505259
-0.3069999999999994 0.0000000000759795
-0.2959999999999994 0.0000000200870490
-0.2849999999999994 0.0000000104087242
-0.2739999999999994 0.0000000045711843
-0.2629999999999993 0.0000000020026337
-0.2519999999999993 0.0000000432440543
-0.2409999999999993 0.0000000467638502
-0.2299999999999993 0.0000000029577071
-0.2189999999999993 0.0000001454445298
-0.2079999999999993 0.0000001931687287
-0.1969999999999993 0.0000000020522659
-0.1859999999999993 0.0000002606264995
-0.1749999999999993 0.0000004968598114
-0.1639999999999993 0.0000000919784013
-0.1529999999999992 0.0000002929421715
-0.1419999999999992 0.0000008772960144
-0.1309999999999992 0.0000003767258202
-0.1199999999999992 0.0000001738194417
-0.1089999999999992 0.0000009999082539
-0.0979999999999992 0.0000005589037673
-0.0869999999999992 0.0000000252151310
-0.0759999999999992 0.0000005064560256
-0.0649999999999993 0.0000001048811048
-0.0539999999999993 0.0000001472441153
-0.0429999999999993 0.0000002777566533
-0.0319999999999993 0.0000016587505308
-0.0209999999999993 0.0000008020151256
-0.0099999999999993 0.0000004528889563
0.0010000000000007 0.0000024388269289
0.0120000000000007 0.0000013113062951
0.0230000000000007 0.0000000960313952
0.0340000000000007 0.0000014292527255
0.0450000000000007 0.0000006103918248
0.0560000000000007 0.0000000722330090
0.0670000000000007 0.0000001324856829
0.0780000000000007 0.0000005727536332
0.0890000000000007 0.0000002998326212
0.1000000000000007 0.0000002113115711
0.1110000000000007 0.0000010250819277
0.1220000000000007 0.0000005498183793
0.1330000000000007 0.0000000545142573
0.1440000000000007 0.0000007556504237
0.1550000000000007 0.0000005519922071
0.1660000000000007 0.0000000005924002
0.1770000000000007 0.0000003437262783
0.1880000000000007 0.0000003639815815
0.1990000000000008 0.0000000374420124
0.2100000000000008 0.0000000962765210
0.2210000000000008 0.0000001643860846
0.2320000000000008 0.0000000354641846
0.2430000000000008 0.0000000120240619
0.2540000000000008 0.0000000418361739
0.2650000000000008 0.0000000030453553
0.2760000000000008 0.0000000012447005
0.2870000000000008 0.0000000055626129
0.2980000000000008 0.0000000257493281
0.3090000000000008 0.0000000073089808
0.3200000000000008 0.0000000110171040
0.3310000000000008 0.0000000370617749
0.3420000000000009 0.0000000176357440
0.3530000000000009 0.0000000037327933
0.3640000000000009 0.0000000334387489
0.3750000000000009 0.0000000256367564
0.3860000000000009 0.0000000000065311
0.3970000000000009 0.0000000225916830
0.4080000000000009 0.0000000277096847
0.4190000000000009 0.0000000035260142
0.4300000000000009 0.0000000111882361
0.4410000000000009 0.0000000244725899
0.4520000000000010 0.0000000086710307
0.4630000000000010 0.0000000031538105
0.4740000000000010 0.0000000182757454
0.4850000000000010 0.0000000118884585
0.4960000000000010 0.0000000000206481
0.5070000000000010 0.0000000114546728
0.5180000000000010 0.0000000124239534
0.5290000000000010 0.0000000011480503
0.5400000000000010 0.0000000056535097
0.5510000000000010 0.0000000108704656
0.5620000000000011 0.0000000033646165
0.5730000000000011 0.0000000017598968
0.5840000000000011 0.0000000081964962
0.5950000000000011 0.0000000048835113
0.6060000000000011 0.0000000000743160
0.6170000000000011 0.0000000052780103
0.6280000000000011 0.0000000052985352
0.6390000000000011 0.0000000003537757
0.6500000000000011 0.0000000027408988
0.6610000000000011 0.0000000047980991
0.6720000000000012 0.0000000013141285
0.6830000000000012 0.0000000009545450
0.6940000000000012 0.0000000037521638
0.7050000000000012 0.0000000020683720
0.7160000000000012 0.0000000000826658
0.7270000000000012 0.0000000025216412
0.7380000000000012 0.0000000023630971
0.7490000000000012 0.0000000001056019
0.7600000000000012 0.0000000013871438
0.7710000000000012 0.0000000022332401
0.7820000000000012 0.0000000005367304
0.7930000000000013 0.0000000005357442
0.8040000000000013 0.0000000018189164
0.8150000000000013 0.0000000009271450
0.8260000000000013 0.0000000000723346
0.8370000000000013 0.0000000012728262
0.8480000000000013 0.0000000011315677
0.8590000000000013 0.0000000000235663
0.8700000000000013 0.0000000006810194
0.8810000000000013 0.0000000013231365
0.8920000000000013 0.0000000000234113
0.9030000000000014 0.0000000003457407
0.9140000000000014 0.0000000043624405
0.9250000000000014 0.0000000057749574
0.9360000000000014 0.0000000043766930
0.9470000000000014 0.0000000499167090
0.9580000000000014 0.0000001223805464
0.9690000000000014 0.0000000358453661
0.9800000000000014 0.0000006388153440
0.9910000000000014 0.0000021452992565
