-0.9890000000000000 0.0000001699352508
-0.9780000000000000 0.0000000172864225
-0.9670000000000000 0.0000000026681002
-0.9560000000000000 0.0000000007207123
-0.9450000000000000 0.0000000000047098
-0.9339999999999999 0.0000000000323355
-0.9229999999999999 0.0000000000204869
-0.9119999999999999 0.0000000000287891
-0.9009999999999999 0.0000000000546915
-0.8899999999999999 0.0000000000008006
-0.8789999999999999 0.0000000000688964
-0.8679999999999999 0.0000000000232890
-0.8569999999999999 0.0000000000428057
-0.8459999999999999 0.0000000000740941
-0.8349999999999999 0.0000000000023095
-0.8239999999999998 0.0000000000978180
-0.8129999999999998 0.0000000000287954
-0.8019999999999998 0.0000000000648441
-0.7909999999999998 0.0000000001014874
-0.7799999999999998 0.0000000000054992
-0.7689999999999998 0.0000000001407067
-0.7579999999999998 0.0000000000356649
-0.7469999999999998 0.0000000000992343
-0.7359999999999998 0.0000000001407696
-0.7249999999999998 0.0000000000118367
-0.7139999999999997 0.0000000002051486
-0.7029999999999997 0.0000000000441539
-0.6919999999999997 0.0000000001535166
-0.6809999999999997 0.0000000001977208
-0.6699999999999997 0.0000000000239994
-0.6589999999999997 0.0000000003031103
-0.6479999999999997 0.0000000000544463
-0.6369999999999997 0.0000000002400118
-0.6259999999999997 0.0000000002809432
-0.6149999999999997 0.0000000000468199
-0.6039999999999996 0.0000000004531982
-0.5929999999999996 0.0000000000664813
-0.5819999999999996 0.0000000003784544
-0.5709999999999996 0.0000000004027106
-0.5599999999999996 0.0000000000887650
-0.5489999999999996 0.0000000006830044
-0.5379999999999996 0.0000000000796038
-0.5269999999999996 0.0000000005985489
-0.5159999999999996 0.0000000005785795
-0.5049999999999996 0.0000000001635838
-0.4939999999999996 0.0000000010281053
-0.4829999999999995 0.0000000000919348
-0.4719999999999995 0.0000000009372168
-0.4609999999999995 0.0000000008212307
-0.4499999999999995 0.0000000002890364
-0.4389999999999995 0.0000000015136173
-0.4279999999999995 0.0000000000994943
-0.4169999999999995 0.0000000014084268
-0.4059999999999995 0.0000000011133175
-0.3949999999999995 0.0000000004680226
-0.3839999999999995 0.0000000020674806
-0.3729999999999994 0.0000000000958545
-0.3619999999999994 0.0000000018640393
-0.3509999999999994 0.0000000013122174
-0.3399999999999994 0.0000000005939292
-0.3289999999999994 0.0000000022002315
-0.3179999999999994 0.0000000000754951
-0.3069999999999994 0.0000000014815728
-0.2959999999999994 0.0000000008606866
-0.2849999999999994 0.0000000000881554
-0.2739999999999994 0.0000000000120485
-0.2629999999999993 0.0000000000469760
-0.2519999999999993 0.0000000027498067
-0.2409999999999993 0.0000000019022344
-0.2299999999999993 0.0000000031197173
-0.2189999999999993 0.0000000099523874
-0.2079999999999993 0.0000000000437785
-0.1969999999999993 0.0000000184299177
-0.1859999999999993 0.0000000102833254
-0.1749999999999993 0.0000000133322984
-0.1639999999999993 0.0000000357822865
-0.1529999999999992 0.0000000000409035
-0.1419999999999992 0.0000000495904967
-0.1309999999999992 0.0000000236199351
-0.1199999999999992 0.0000000259406659
-0.1089999999999992 0.0000000574341517
-0.0979999999999992 0.0000000000413757
-0.0869999999999992 0.0000000403939980
-0.0759999999999992 0.0000000147196814
-0.0649999999999993 0.0000000060132431
-0.0539999999999993 0.0000000227336926
-0.0429999999999993 0.0000000012131570
-0.0319999999999993 0.0000000962581527
-0.0209999999999993 0.0000000380418769
-0.0099999999999993 0.0000000726224128
0.0010000000000007 0.0000001308260565
0.0120000000000007 0.0000000012645378
0.0230000000000007 0.0000001147889862
0.0340000000000007 0.0000000343255084
0.0450000000000007 0.0000000230527928
0.0560000000000007 0.0000000262732655
0.0670000000000007 0.0000000019091384
0.0780000000000007 0.0000000311926330
0.0890000000000007 0.0000000101199441
0.1000000000000007 0.0000000343711661
0.1110000000000007 0.0000000511752600
0.1220000000000007 0.0000000024873144
0.1330000000000007 0.0000000570511741
0.1440000000000007 0.0000000132819529
0.1550000000000007 0.0000000254321064
0.1660000000000007 0.0000000313470806
0.1770000000000007 0.0000000012921364
0.1880000000000007 0.0000000240003498
0.1990000000000008 0.0000000046005637
0.2100000000000008 0.0000000080283584
0.2210000000000008 0.0000000084680722
0.2320000000000008 0.0000000002825367
0.2430000000000008 0.0000000044166689
0.2540000000000008 0.0000000006868751
0.2650000000000008 0.0000000004066711
0.2760000000000008 0.0000000001210743
0.2870000000000008 0.0000000001926480
0.2980000000000008 0.0000000014967695
0.3090000000000008 0.0000000002100127
0.3200000000000008 0.0000000015378191
0.3310000000000008 0.0000000015597739
0.3420000000000009 0.0000000003296543
0.3530000000000009 0.0000000023054745
0.3640000000000009 0.0000000002504131
0.3750000000000009 0.0000000015909538
0.3860000000000009 0.0000000014048281
0.3970000000000009 0.0000000003211711
0.4080000000000009 0.0000000018524804
0.4190000000000009 0.0000000001552232
0.4300000000000009 0.0000000012253849
0.4410000000000009 0.0000000009718118
0.4520000000000010 0.0000000002677235
0.4630000000000010 0.0000000012863289
0.4740000000000010 0.0000000000796649
0.4850000000000010 0.0000000008654241
0.4960000000000010 0.0000000006204414
0.5070000000000010 0.0000000002098024
0.5180000000000010 0.0000000008528394
0.5290000000000010 0.0000000000365612
0.5400000000000010 0.0000000005948563
0.5510000000000010 0.0000000003859682
0.5620000000000011 0.0000000001602997
0.5730000000000011 0.0000000005591466
0.5840000000000011 0.0000000000149878
0.5950000000000011 0.0000000004073546
0.6060000000000011 0.0000000002389610
0.6170000000000011 0.0000000001214468
0.6280000000000011 0.0000000003678726
0.6390000000000011 0.0000000000051751
0.6500000000000011 0.0000000002807692
0.6610000000000011 0.0000000001485533
0.6720000000000012 0.0000000000920125
0.6830000000000012 0.0000000002444360
0.6940000000000012 0.0000000000012428
0.7050000000000012 0.0000000001956598
0.7160000000000012 0.0000000000930492
0.7270000000000012 0.0000000000700178
0.7380000000000012 0.0000000001644615
0.7490000000000012 0.0000000000000618
0.7600000000000012 0.0000000001381038
0.7710000000000012 0.0000000000587700
0.7820000000000012 0.0000000000536323
0.7930000000000013 0.0000000001121300
0.8040000000000013 0.0000000000000568
0.8150000000000013 0.0000000000987748
0.8260000000000013 0.0000000000374051
0.8370000000000013 0.0000000000413948
0.8480000000000013 0.0000000000774563
0.8590000000000013 0.0000000000004396
0.8700000000000013 0.0000000000715658
0.8810000000000013 0.0000000000239565
0.8920000000000013 0.0000000000322153
0.9030000000000014 0.0000000000540856
0.9140000000000014 0.0000000000007930
0.9250000000000014 0.0000000000563484
0.9360000000000014 0.0000000000036204
0.9470000000000014 0.0000000000879492
0.9580000000000014 0.0000000009132820
0.9690000000000014 0.0000000009861043
0.9800000000000014 0.0000000396397329
0.9910000000000014 0.0000001123531690
