-0.9890000000000000 0.0000103267091438
-0.9780000000000000 0.0000064031655961
-0.9670000000000000 0.0000006041653032
-0.9560000000000000 0.0000027976446597
-0.9450000000000000 0.0000014963423367
-0.9339999999999999 0.0000002994276808
-0.9229999999999999 0.0000007246272864
-0.9119999999999999 0.0000003292378056
-0.9009999999999999 0.0000001158491781
-0.8899999999999999 0.0000002108817486
-0.8789999999999999 0.0000000790966154
-0.8679999999999999 0.0000000302703307
-0.8569999999999999 0.0000000280539012
-0.8459999999999999 0.0000000102889783
-0.8349999999999999 0.0000000229343658
-0.8239999999999998 0.0000000383624313
-0.8129999999999998 0.0000000060027039
-0.8019999999999998 0.0000000145798157
-0.7909999999999998 0.0000000268379866
-0.7799999999999998 0.0000000008793837
-0.7689999999999998 0.0000000276424432
-0.7579999999999998 0.0000000348874970
-0.7469999999999998 0.0000000000634945
-0.7359999999999998 0.0000000378182143
-0.7249999999999998 0.0000000375834213
-0.7139999999999997 0.0000000003041748
-0.7029999999999997 0.0000000527866358
-0.6919999999999997 0.0000000405217777
-0.6809999999999997 0.0000000039154302
-0.6699999999999997 0.0000000710469917
-0.6589999999999997 0.0000000416019454
-0.6479999999999997 0.0000000125065310
-0.6369999999999997 0.0000000936201946
-0.6259999999999997 0.0000000404521370
-0.6149999999999997 0.0000000280872595
-0.6039999999999996 0.0000001206609711
-0.5929999999999996 0.0000000362750997
-0.5819999999999996 0.0000000532641576
-0.5709999999999996 0.0000001521824943
-0.5599999999999996 0.0000000286496870
-0.5489999999999996 0.0000000911704106
-0.5379999999999996 0.0000001875552646
-0.5269999999999996 0.0000000179365235
-0.5159999999999996 0.0000001452996523
-0.5049999999999996 0.0000002252078173
-0.4939999999999996 0.0000000062419624
-0.4829999999999995 0.0000002188908038
-0.4719999999999995 0.0000002621658882
-0.4609999999999995 0.0000000011540922
-0.4499999999999995 0.0000003134988706
-0.4389999999999995 0.0000002936481026
-0.4279999999999995 0.0000000056892648
-0.4169999999999995 0.0000004259897465
-0.4059999999999995 0.0000003130204072
-0.3949999999999995 0.0000000359769768
-0.3839999999999995 0.0000005427331923
-0.3729999999999994 0.0000003128275161
-0.3619999999999994 0.0000000865900297
-0.3509999999999994 0.0000006291966287
-0.3399999999999994 0.0000002880988141
-0.3289999999999994 0.0000001257789427
-0.3179999999999994 0.0000006129905336
-0.3069999999999994 0.0000002430842317
-0.2959999999999994 0.0000000520577305
-0.2849999999999994 0.0000003602140640
-0.2739999999999994 0.0000001996557717
-0.2629999999999993 0.0000003814546377
-0.2519999999999993 0.0000003475524083
-0.2409999999999993 0.0000001943457243
-0.2299999999999993 0.0000016696423921
-0.2189999999999993 0.0000018086215098
-0.2079999999999993 0.0000002272018821
-0.1969999999999993 0.0000045808351614
-0.1859999999999993 0.0000043040027934
-0.1749999999999993 0.0000001249675247
-0.1639999999999993 0.0000097244348470
-0.1529999999999992 0.0000077951177631
-0.1419999999999992 0.0000004882947910
-0.1309999999999992 0.0000158623249003
-0.1199999999999992 0.0000112856778569
-0.1089999999999992 0.0000010245063300
-0.0979999999999992 0.0000167667173832
-0.0869999999999992 0.0000119785889354
-0.0759999999999992 0.0000021450212024
-0.0649999999999993 0.0000015033468276
-0.0539999999999993 0.0000059299714439
-0.0429999999999993 0.0000121005107979
-0.0319999999999993 0.0000297048083382
-0.0209999999999993 0.0000054544510737
-0.0099999999999993 0.0000195739877671
0.0010000000000007 0.0000477184446093
0.0120000000000007 0.0000109738647956
0.0230000000000007 0.0000109391218331
0.0340000000000007 0.0000298430063910
0.0450000000000007 0.0000063711140605
0.0560000000000007 0.0000058939933529
0.0670000000000007 0.0000002868937131
0.0780000000000007 0.0000011915665552
0.0890000000000007 0.0000148258442646
0.1000000000000007 0.0000145442155688
0.1110000000000007 0.0000000017720644
0.1220000000000007 0.0000141460003467
0.1330000000000007 0.0000135524286459
0.1440000000000007 0.0000001657997131
0.1550000000000007 0.0000095876190822
0.1660000000000007 0.0000080061886251
0.1770000000000007 0.0000001966090180
0.1880000000000007 0.0000051462351059
0.1990000000000008 0.0000035938648089
0.2100000000000008 0.0000001510114735
0.2210000000000008 0.0000021168569610
0.2320000000000008 0.0000012426813556
0.2430000000000008 0.0000001813391255
0.2540000000000008 0.0000004373310794
0.2650000000000008 0.0000002817426090
0.2760000000000008 0.0000002710657166
0.2870000000000008 0.0000003271868509
0.2980000000000008 0.0000000045252561
0.3090000000000008 0.0000003587009894
0.3200000000000008 0.0000005759305254
0.3310000000000008 0.0000000393213790
0.3420000000000009 0.0000004090846272
0.3530000000000009 0.0000005755753005
0.3640000000000009 0.0000000148131571
0.3750000000000009 0.0000004170362290
0.3860000000000009 0.0000004774723760
0.3970000000000009 0.0000000008139863
0.4080000000000009 0.0000003924070727
0.4190000000000009 0.0000003574616572
0.4300000000000009 0.0000000042682200
0.4410000000000009 0.0000003484011783
0.4520000000000010 0.0000002485351888
0.4630000000000010 0.0000000197041415
0.4740000000000010 0.0000002961507846
0.4850000000000010 0.0000001617382087
0.4960000000000010 0.0000000362068593
0.5070000000000010 0.0000002432937130
0.5180000000000010 0.0000000979783564
0.5290000000000010 0.0000000490650910
0.5400000000000010 0.0000001943164832
0.5510000000000010 0.0000000541508600
0.5620000000000011 0.0000000568271216
0.5730000000000011 0.0000001514041513
0.5840000000000011 0.0000000260748406
0.5950000000000011 0.0000000597825322
0.6060000000000011 0.0000001152518966
0.6170000000000011 0.0000000097602304
0.6280000000000011 0.0000000589383919
0.6390000000000011 0.0000000857034441
0.6500000000000011 0.0000000018654100
0.6610000000000011 0.0000000554135988
0.6720000000000012 0.0000000621066832
0.6830000000000012 0.0000000002462168
0.6940000000000012 0.0000000503310555
0.7050000000000012 0.0000000438137286
0.7160000000000012 0.0000000009106606
0.7270000000000012 0.0000000440788536
0.7380000000000012 0.0000000294720126
0.7490000000000012 0.0000000034527201
0.7600000000000012 0.0000000389592356
0.7710000000000012 0.0000000201472470
0.7820000000000012 0.0000000047050474
0.7930000000000013 0.0000000285221694
0.8040000000000013 0.0000000089120310
0.8150000000000013 0.0000000123249783
0.8260000000000013 0.0000000400365241
0.8370000000000013 0.0000000153839157
0.8480000000000013 0.0000000134271503
0.8590000000000013 0.0000000313214347
0.8700000000000013 0.0000000221203434
0.8810000000000013 0.0000001096472526
0.8920000000000013 0.0000002164219257
0.9030000000000014 0.0000000602484755
0.9140000000000014 0.0000004260533018
0.9250000000000014 0.0000007324297525
0.9360000000000014 0.0000000681807663
0.9470000000000014 0.0000018582128889
0.9580000000000014 0.0000027458087296
0.9690000000000014 0.0000004001873317
0.9800000000000014 0.0000076721674984
0.9910000000000014 0.0000098372774037
