-0.9890000000000000 -2.8664745893060144
-0.9780000000000000 -2.5702221701635573
-0.9670000000000000 -2.3989090658327621
-0.9560000000000000 -2.2787493515168467
-0.9450000000000000 -2.1866195180480599
-0.9339999999999999 -2.1122198988866958
-0.9230000000000000 -2.0500564741160816
-0.9120000000000000 -1.9968499212319182
-0.9010000000000000 -1.9504851141113506
-0.8900000000000000 -1.9095179529581667
-0.8790000000000000 -1.8729185050915296
-0.8680000000000000 -1.8399263842465530
-0.8570000000000000 -1.8099642168289314
-0.8460000000000000 -1.7825832684275498
-0.8350000000000000 -1.7574278748793131
-0.8240000000000001 -1.7342113762115385
-0.8129999999999999 -1.7126993593975723
-0.8020000000000000 -1.6926976981748407
-0.7910000000000000 -1.6740438309032926
-0.7800000000000000 -1.6566002783114826
-0.7690000000000000 -1.6402497444739141
-0.7580000000000000 -1.6248913585327136
-0.7470000000000000 -1.6104377525570255
-0.7360000000000000 -1.5968127617978733
-0.7250000000000000 -1.5839495947455189
-0.7140000000000000 -1.5717893623349843
-0.7030000000000001 -1.5602798849071566
-0.6919999999999999 -1.5493747162721883
-0.6810000000000000 -1.5390323391332785
-0.6699999999999999 -1.5292154969924920
-0.6590000000000000 -1.5198906356717092
-0.6480000000000000 -1.5110274335568166
-0.6370000000000000 -1.5025984041762586
-0.6260000000000000 -1.4945785581519864
-0.6150000000000000 -1.4869451141924541
-0.6040000000000001 -1.4796772508355602
-0.5930000000000000 -1.4727558922406219
-0.5820000000000001 -1.4661635225800034
-0.5710000000000000 -1.4598840245723768
-0.5600000000000001 -1.4539025384900242
-0.5490000000000000 -1.4482053386068552
-0.5380000000000000 -1.4427797245657035
-0.5270000000000000 -1.4376139255590084
-0.5160000000000000 -1.4326970155560390
-0.5050000000000000 -1.4280188380879211
-0.4940000000000000 -1.4235699393308958
-0.4830000000000000 -1.4193415084179817
-0.4720000000000000 -1.4153253240669987
-0.4610000000000000 -1.4115137067446302
-0.4500000000000001 -1.4078994756966803
-0.4390000000000001 -1.4044759102676070
-0.4280000000000000 -1.4012367150109484
-0.4170000000000000 -1.3981759881587861
-0.4060000000000000 -1.3952881930750063
-0.3950000000000000 -1.3925681323654016
-0.3840000000000000 -1.3900109243590091
-0.3730000000000000 -1.3876119817105426
-0.3620000000000000 -1.3853669919043612
-0.3510000000000000 -1.3832718994667748
-0.3400000000000001 -1.3813228897163343
-0.3290000000000001 -1.3795163739015925
-0.3180000000000001 -1.3778489755930536
-0.3070000000000001 -1.3763175182111032
-0.2960000000000000 -1.3749190135848555
-0.2850000000000000 -1.3736506514484152
-0.2740000000000000 -1.3725097897911731
-0.2630000000000000 -1.3714939459876851
-0.2520000000000000 -1.3706007886405844
-0.2410000000000000 -1.3698281300769186
-0.2300000000000000 -1.3691739194445125
-0.2190000000000001 -1.3686362363604205
-0.2080000000000001 -1.3682132850684603
-0.1970000000000001 -1.3679033890671382
-0.1860000000000001 -1.3677049861732256
-0.1750000000000000 -1.3676166239897209
-0.1640000000000000 -1.3676369557500863
-0.1530000000000000 -1.3677647365134926
-0.1420000000000000 -1.3679988196883606
-0.1310000000000000 -1.3683381538638204
-0.1200000000000000 -1.3687817799308239
-0.1090000000000001 -1.3693288284765668
-0.0980000000000001 -1.3699785174376460
-0.0870000000000001 -1.3707301499990174
-0.0760000000000001 -1.3715831127272895
-0.0650000000000001 -1.3725368739283026
-0.0540000000000000 -1.3735909822202350
-0.0430000000000000 -1.3747450653146867
-0.0320000000000000 -1.3759988289993468
-0.0210000000000000 -1.3773520563169392
-0.0100000000000000 -1.3788046069361810
0.0010000000000000 -1.3803564167114954
0.0119999999999999 -1.3820074974291980
0.0230000000000000 -1.3837579367388275
0.0339999999999999 -1.3856078982692384
0.0450000000000000 -1.3875576219300183
0.0559999999999999 -1.3896074243997334
0.0670000000000001 -1.3917576998034593
0.0780000000000000 -1.3940089205830546
0.0889999999999999 -1.3963616385646209
0.1000000000000000 -1.3988164862286663
0.1109999999999999 -1.4013741781895659
0.1220000000000000 -1.4040355128920972
0.1329999999999999 -1.4068013745340409
0.1440000000000000 -1.4096727352251555
0.1549999999999999 -1.4126506573942414
0.1660000000000000 -1.4157362964575466
0.1769999999999999 -1.4189309037633866
0.1879999999999998 -1.4222358298296682
0.1990000000000000 -1.4256525278929641
0.2099999999999999 -1.4291825577899240
0.2210000000000000 -1.4328275901941883
0.2319999999999999 -1.4365894112345732
0.2430000000000000 -1.4404699275231991
0.2539999999999999 -1.4444711716254173
0.2650000000000000 -1.4485953080070046
0.2759999999999999 -1.4528446394980341
0.2870000000000000 -1.4572216143173153
0.2979999999999999 -1.4617288337062877
0.3089999999999998 -1.4663690602268424
0.3200000000000000 -1.4711452267838938
0.3309999999999998 -1.4760604464406217
0.3420000000000000 -1.4811180231023875
0.3529999999999999 -1.4863214631544399
0.3640000000000000 -1.4916744881489441
0.3749999999999999 -1.4971810486486303
0.3860000000000000 -1.5028453393479044
0.3969999999999999 -1.5086718156076380
0.4080000000000000 -1.5146652115575929
0.4189999999999999 -1.5208305599407335
0.4299999999999998 -1.5271732138971605
0.4409999999999999 -1.5336988709124610
0.4519999999999998 -1.5404135991866714
0.4630000000000000 -1.5473238667165383
0.4739999999999999 -1.5544365734262517
0.4850000000000000 -1.5617590867315492
0.4959999999999999 -1.5692992809803414
0.5070000000000000 -1.5770655812815846
0.5179999999999999 -1.5850670123150747
0.5290000000000000 -1.5933132528106968
0.5399999999999999 -1.6018146964996944
0.5509999999999998 -1.6105825204766304
0.5619999999999999 -1.6196287620737870
0.5729999999999998 -1.6289664055460729
0.5840000000000000 -1.6386094801018141
0.5949999999999999 -1.6485731711029767
0.6060000000000000 -1.6588739466100908
0.6169999999999999 -1.6695297018785391
0.6280000000000000 -1.6805599249449208
0.6389999999999999 -1.6919858871020224
0.6500000000000000 -1.7038308628842358
0.6609999999999999 -1.7161203852189983
0.6719999999999998 -1.7288825427064707
0.6829999999999999 -1.7421483276532805
0.6939999999999998 -1.7559520456198983
0.7050000000000000 -1.7703318000006112
0.7159999999999999 -1.7853300687538225
0.7270000000000000 -1.8009943951375678
0.7379999999999999 -1.8173782206023645
0.7490000000000000 -1.8345418964537805
0.7599999999999999 -1.8525539223938479
0.7709999999999998 -1.8714924758676004
0.7819999999999999 -1.8914473181955036
0.7929999999999998 -1.9125221946756330
0.8039999999999999 -1.9348378906949213
0.8149999999999998 -1.9585361715076974
0.8260000000000000 -1.9837849312023419
0.8369999999999999 -2.0107850254804931
0.8480000000000000 -2.0397794955288582
0.8589999999999999 -2.0710662631360623
0.8700000000000000 -2.1050159931675188
0.8809999999999999 -2.1420978727890470
0.8919999999999998 -2.1829179310355333
0.9029999999999999 -2.2282780157199289
0.9139999999999998 -2.2792704236295327
0.9249999999999999 -2.3374376508369932
0.9359999999999998 -2.4050597497949870
0.9470000000000000 -2.4857152922666361
0.9579999999999999 -2.5855037989972978
0.9690000000000000 -2.7161636759267109
0.9799999999999999 -2.9052778731401103
0.9910000000000000 -3.2508579453092294
