-0.9890000000000000 -10.8750196428304324
-0.9780000000000000 -10.7030330636393973
-0.9670000000000000 -10.6621675465088757
-0.9560000000000000 -10.6797532887744850
-0.9450000000000000 -10.7341966064665968
-0.9339999999999999 -10.8173797089386952
-0.9230000000000000 -10.9270831923123897
-0.9120000000000000 -11.0653861452542976
-0.9010000000000000 -11.2398912682445484
-0.8900000000000000 -11.4701333282855735
-0.8790000000000000 -11.8175523154014908
-0.8680000000000000 -12.8616937592691478
-0.8570000000000000 -12.0872991003361197
-0.8460000000000000 -11.8509741702602938
-0.8350000000000000 -11.7675346143252320
-0.8240000000000001 -11.7490200378130201
-0.8129999999999999 -11.7706654184340032
-0.8020000000000000 -11.8231154669939578
-0.7910000000000000 -11.9035144625152540
-0.7800000000000000 -12.0131280308436743
-0.7690000000000000 -12.1587444977952970
-0.7580000000000000 -12.3575531052133503
-0.7470000000000000 -12.6615588645845669
-0.7360000000000000 -13.4276047016310081
-0.7250000000000000 -12.9969824831309086
-0.7140000000000000 -12.7045359006692049
-0.7030000000000001 -12.5906958724169034
-0.6919999999999999 -12.5475389553867522
-0.6810000000000000 -12.5469439731284478
-0.6699999999999999 -12.5784692445815516
-0.6590000000000000 -12.6383048325566900
-0.6480000000000000 -12.7277321999022792
-0.6370000000000000 -12.8521560645096677
-0.6260000000000000 -13.0269628077460489
-0.6150000000000000 -13.2975339173338991
-0.6040000000000001 -13.9092667914043453
-0.5930000000000000 -13.7165436670622078
-0.5820000000000001 -13.3646401688652965
-0.5710000000000000 -13.2234040625570035
-0.5600000000000001 -13.1597533123764414
-0.5490000000000000 -13.1413424692933987
-0.5380000000000000 -13.1555940357471215
-0.5270000000000000 -13.1987149145185114
-0.5160000000000000 -13.2715427319521542
-0.5050000000000000 -13.3788247896542831
-0.4940000000000000 -13.5329858433211729
-0.4830000000000000 -13.7741771373526802
-0.4720000000000000 -14.2871368173010502
-0.4610000000000000 -14.2965783735338903
-0.4500000000000001 -13.8754085241433778
-0.4390000000000001 -13.7066165038291974
-0.4280000000000000 -13.6241759968418119
-0.4170000000000000 -13.5891017853001035
-0.4060000000000000 -13.5891017853001035
-0.3950000000000000 -13.6181300363424747
-0.3840000000000000 -13.6758361692381740
-0.3730000000000000 -13.7684813903777972
-0.3620000000000000 -13.9053717475208209
-0.3510000000000000 -14.1220808574847663
-0.3400000000000001 -14.5566497615189654
-0.3290000000000001 -14.7504697875350779
-0.3180000000000001 -14.2512983920723428
-0.3070000000000001 -14.0597201134457510
-0.2960000000000000 -13.9567666894452778
-0.2850000000000000 -13.9112274921698731
-0.2740000000000000 -13.8938919298373911
-0.2630000000000000 -13.9112274921698731
-0.2520000000000000 -13.9545897701910029
-0.2410000000000000 -14.0329032947074008
-0.2300000000000000 -14.1484097962071154
-0.2190000000000001 -14.3471347469763355
-0.2080000000000001 -14.7241408488127288
-0.1970000000000001 -15.1764385198073590
-0.1860000000000001 -14.5232260060320169
-0.1750000000000000 -14.3013772564156589
-0.1640000000000000 -14.1837377585488600
-0.1530000000000000 -14.1157406794537472
-0.1420000000000000 -14.0883024311068077
-0.1310000000000000 -14.0912669100705479
-0.1200000000000000 -14.1220808574847663
-0.1090000000000001 -14.1837377585488600
-0.0980000000000001 -14.2871368173010502
-0.0870000000000001 -14.4632280763567298
-0.0760000000000001 -14.7932217679560285
-0.0650000000000001 -15.5566497615189654
-0.0540000000000000 -14.6758361692381740
-0.0430000000000000 -14.4295449631541572
-0.0320000000000000 -14.2918319385094286
-0.0210000000000000 -14.2142270806967588
-0.0100000000000000 -14.1764385198073590
0.0010000000000000 -14.1621980806927503
0.0119999999999999 -14.1800728044624531
0.0230000000000000 -14.2303139005902146
0.0339999999999999 -14.3262008401406913
0.0450000000000000 -14.4774685154713403
0.0559999999999999 -14.7642580720207111
0.0670000000000001 -16.2556197658549841
0.0780000000000000 -14.7371058259770962
0.0889999999999999 -14.4494397918710966
0.1000000000000000 -14.2965783735338903
0.1109999999999999 -14.2025413223715642
0.1220000000000000 -14.1552492207374208
0.1329999999999999 -14.1285149674901760
0.1440000000000000 -14.1350458346491354
0.1549999999999999 -14.1728343955385352
0.1660000000000000 -14.2470195940930662
0.1769999999999999 -14.3805585024632840
0.1879999999999998 -14.6428359091352487
0.1990000000000000 -15.6535597745270216
0.2099999999999999 -14.6993172650876964
0.2210000000000000 -14.3635251631645033
0.2319999999999999 -14.1949219255013723
0.2430000000000000 -14.0853580504600266
0.2539999999999999 -14.0175736627261891
0.2650000000000000 -13.9861068216370690
0.2759999999999999 -13.9768661649021553
0.2870000000000000 -14.0003472607516777
0.2979999999999999 -14.0624951675005221
0.3089999999999998 -14.1764385198073590
0.3200000000000000 -14.4043614171359096
0.3309999999999998 -15.1764385198073590
0.3420000000000000 -14.5313438962541959
0.3529999999999999 -14.1728343955385352
0.3640000000000000 -13.9791579616817412
0.3749999999999999 -13.8542192250734413
0.3860000000000000 -13.7741771373526802
0.3969999999999999 -13.7241408488127288
0.4080000000000000 -13.7041697678821102
0.4189999999999999 -13.7140405219084034
0.4299999999999998 -13.7586901177817698
0.4409999999999999 -13.8576797571829466
0.4519999999999998 -14.0487938898231342
0.4630000000000000 -14.6121670893687963
0.4739999999999999 -14.2778961605661365
0.4850000000000000 -13.8629228125953183
0.4959999999999999 -13.6460253566297638
0.5070000000000000 -13.5043406618716428
0.5179999999999999 -13.4074306488635866
0.5290000000000000 -13.3433977093225682
0.5399999999999999 -13.3086764951571599
0.5509999999999998 -13.3037967305390730
0.5619999999999999 -13.3318578050262850
0.5729999999999998 -13.4092826537251799
0.5840000000000000 -13.5752842524404205
0.5949999999999999 -14.0277330612413103
0.6060000000000000 -13.9073149028068244
0.6169999999999999 -13.4174005439473589
0.6280000000000000 -13.1742724580508526
0.6389999999999999 -13.0145716151833408
0.6500000000000000 -12.9001682457284677
0.6609999999999999 -12.8200939143563293
0.6719999999999998 -12.7684813903777972
0.6829999999999999 -12.7456112529147507
0.6939999999999998 -12.7562076401827085
0.7050000000000000 -12.8126698962771233
0.7159999999999999 -12.9491947383042980
0.7270000000000000 -13.3176006683787751
0.7379999999999999 -13.3917023888971247
0.7490000000000000 -12.8147106837897660
0.7599999999999999 -12.5411223572051789
0.7709999999999998 -12.3574981903138763
0.7819999999999999 -12.2226788280741303
0.7929999999999998 -12.1220169953448238
0.8039999999999999 -12.0501176711107885
0.8149999999999998 -12.0063235503107073
0.8260000000000000 -11.9944758981543167
0.8369999999999999 -12.0256565038755561
0.8480000000000000 -12.1299758734975924
0.8589999999999999 -12.4277337830651291
0.8700000000000000 -12.7083374578916821
0.8809999999999999 -12.0017005052800734
0.8919999999999998 -11.6887582039357429
0.9029999999999999 -11.4746691194781150
0.9139999999999998 -11.3111963197178493
0.9249999999999999 -11.1819710548063060
0.9359999999999998 -11.0806388234847297
0.9470000000000000 -11.0059176744430385
0.9579999999999999 -10.9608736532552093
0.9690000000000000 -10.9552134303558013
0.9799999999999999 -11.0150755094916715
0.9910000000000000 -11.2374187433586936
