-0.9890000000000000 -6.1424468269897279
-0.9780000000000000 -5.8886722729432801
-0.9670000000000000 -5.7609295165768675
-0.9560000000000000 -5.6855106752763866
-0.9450000000000000 -5.6393802727127040
-0.9339999999999999 -5.6123385515616970
-0.9230000000000000 -5.5990056412984579
-0.9120000000000000 -5.5962336052733290
-0.9010000000000000 -5.6020597845058546
-0.8900000000000000 -5.6152186296853905
-0.8790000000000000 -5.6348914489345736
-0.8680000000000000 -5.6605706637845499
-0.8570000000000000 -5.6919854326859145
-0.8460000000000000 -5.7290642943054459
-0.8350000000000000 -5.7719240216948959
-0.8240000000000001 -5.8208816395523586
-0.8129999999999999 -5.8764928259049762
-0.8020000000000000 -5.9396277662807355
-0.7910000000000000 -6.0116093062097251
-0.7800000000000000 -6.0944676692440414
-0.7690000000000000 -6.1914380468695676
-0.7580000000000000 -6.3080303262398942
-0.7470000000000000 -6.4546856987240213
-0.7360000000000000 -6.6550672090206442
-0.7250000000000000 -6.9858385030797239
-0.7140000000000000 -8.5854498467147433
-0.7030000000000001 -7.0160278161821674
-0.6919999999999999 -6.7493161788845049
-0.6810000000000000 -6.6055095580843135
-0.6699999999999999 -6.5136081030493136
-0.6590000000000000 -6.4510972813873000
-0.6480000000000000 -6.4079325212636471
-0.6370000000000000 -6.3787861122333815
-0.6260000000000000 -6.3605250278588992
-0.6150000000000000 -6.3511861020895841
-0.6040000000000001 -6.3494965030201609
-0.5930000000000000 -6.3546273459072014
-0.5820000000000001 -6.3660598521388092
-0.5710000000000000 -6.3835120004465331
-0.5600000000000001 -6.4069018066252257
-0.5490000000000000 -6.4363366652836325
-0.5380000000000000 -6.4721258756702058
-0.5270000000000000 -6.5148197378394688
-0.5160000000000000 -6.5652865440786154
-0.5050000000000000 -6.6248528131033835
-0.4940000000000000 -6.6955621775841578
-0.4830000000000000 -6.7806822041269088
-0.4720000000000000 -6.8857973642714718
-0.4610000000000000 -7.0215360405504912
-0.4500000000000001 -7.2121469611803892
-0.4390000000000001 -7.5373491440826212
-0.4280000000000000 -8.8127883136561795
-0.4170000000000000 -7.5222797208103005
-0.4060000000000000 -7.2497740424088573
-0.3950000000000000 -7.0968020343403264
-0.3840000000000000 -6.9949619371530112
-0.3730000000000000 -6.9222709650409842
-0.3620000000000000 -6.8688610812364708
-0.3510000000000000 -6.8294784352850257
-0.3400000000000001 -6.8010252385752246
-0.3290000000000001 -6.7815564860712749
-0.3180000000000001 -6.7698091162092942
-0.3070000000000001 -6.7649596163929964
-0.2960000000000000 -6.7664922254704747
-0.2850000000000000 -6.7741267483562568
-0.2740000000000000 -6.7877825977231119
-0.2630000000000000 -6.8075687352892249
-0.2520000000000000 -6.8337968097687654
-0.2410000000000000 -6.8670210418090631
-0.2300000000000000 -6.9081164479451855
-0.2190000000000001 -6.9584212587965233
-0.2080000000000001 -7.0200001208748821
-0.1970000000000001 -7.0961604041235651
-0.1860000000000001 -7.1925690800694291
-0.1750000000000000 -7.3200524617087339
-0.1640000000000000 -7.5034708500561820
-0.1530000000000000 -7.8257804516273195
-0.1420000000000000 -8.9039854802456500
-0.1310000000000000 -7.7699439100417447
-0.1200000000000000 -7.4935825741309481
-0.1090000000000001 -7.3334506377677249
-0.0980000000000001 -7.2236153714052014
-0.0870000000000001 -7.1426117669026379
-0.0760000000000001 -7.0807470618317172
-0.0650000000000001 -7.0328426514075728
-0.0540000000000000 -6.9958380620218756
-0.0430000000000000 -6.9678086886201482
-0.0320000000000000 -6.9475034624394763
-0.0210000000000000 -6.9341063869437871
-0.0100000000000000 -6.9271067600980292
0.0010000000000000 -6.9262281489231308
0.0119999999999999 -6.9313931901508008
0.0230000000000000 -6.9427141404742496
0.0339999999999999 -6.9605066321794240
0.0450000000000000 -6.9853303646189611
0.0559999999999999 -7.0180685791732298
0.0670000000000001 -7.0600727061497057
0.0780000000000000 -7.1134299643291303
0.0889999999999999 -7.1814893765115091
0.1000000000000000 -7.2700031927915916
0.1109999999999999 -7.3900017445446728
0.1220000000000000 -7.5669792368445652
0.1329999999999999 -7.8873206167242511
0.1440000000000000 -8.8197113111397254
0.1549999999999999 -7.7918022387330081
0.1660000000000000 -7.5119210990300074
0.1769999999999999 -7.3450675713607216
0.1879999999999998 -7.2276546800158998
0.1990000000000000 -7.1387191060340864
0.2099999999999999 -7.0687395603002452
0.2210000000000000 -7.0126115852476785
0.2319999999999999 -6.9673117235286863
0.2430000000000000 -6.9309357434094352
0.2539999999999999 -6.9022446354145393
0.2650000000000000 -6.8804300048742038
0.2759999999999999 -6.8649862851253136
0.2870000000000000 -6.8556408550681187
0.2979999999999999 -6.8523195936155759
0.3089999999999998 -6.8551380373882029
0.3200000000000000 -6.8644157578448013
0.3309999999999998 -6.8807178619588774
0.3420000000000000 -6.9049357413028991
0.3529999999999999 -6.9384339778876756
0.3640000000000000 -6.9833224299497729
0.3749999999999999 -7.0429921696665776
0.3860000000000000 -7.1232821072863626
0.3969999999999999 -7.2354314310752601
0.4080000000000000 -7.4055901524510102
0.4189999999999999 -7.7237774312834810
0.4299999999999998 -8.5375024772664236
0.4409999999999999 -7.5873765709696741
0.4519999999999998 -7.3031932250018343
0.4630000000000000 -7.1289265128676975
0.4739999999999999 -7.0032186084779218
0.4850000000000000 -6.9055910620791296
0.4959999999999999 -6.8266889648758271
0.5070000000000000 -6.7614794985012647
0.5179999999999999 -6.7069744648168665
0.5290000000000000 -6.6612884781972959
0.5399999999999999 -6.6231931146824028
0.5509999999999998 -6.5918860841208629
0.5619999999999999 -6.5668653950012636
0.5729999999999998 -6.5478605973141795
0.5840000000000000 -6.5347990787736103
0.5949999999999999 -6.5277978198739754
0.6060000000000000 -6.5271783872725688
0.6169999999999999 -6.5335092467196860
0.6280000000000000 -6.5476877888373011
0.6389999999999999 -6.5710895279104573
0.6500000000000000 -6.6058447455405140
0.6609999999999999 -6.6553845653701309
0.6719999999999998 -6.7256334383335954
0.6829999999999999 -6.8280417262180642
0.6939999999999998 -6.9894353164343688
0.7050000000000000 -7.3036869654418171
0.7159999999999999 -8.0139089219582313
0.7270000000000000 -7.1217896604102409
0.7379999999999999 -6.8307591673826780
0.7490000000000000 -6.6465572640079591
0.7599999999999999 -6.5099418644306795
0.7709999999999998 -6.4008986754508319
0.7819999999999999 -6.3102293311186646
0.7929999999999998 -6.2329649267562557
0.8039999999999999 -6.1661451078169893
0.8149999999999998 -6.1078956819857400
0.8260000000000000 -6.0569906889667271
0.8369999999999999 -6.0126252234946254
0.8480000000000000 -5.9742914523244162
0.8589999999999999 -5.9417108862467733
0.8700000000000000 -5.9148013228284269
0.8809999999999999 -5.8936690937943403
0.8919999999999998 -5.8786245606660357
0.9029999999999999 -5.8702251122758549
0.9139999999999998 -5.8693583310870157
0.9249999999999999 -5.8773933421717013
0.9359999999999998 -5.8964618969729319
0.9470000000000000 -5.9300145728825724
0.9579999999999999 -5.9840395323440516
0.9690000000000000 -6.0701775914036018
0.9799999999999999 -6.2159256121230060
0.9910000000000000 -6.5192187508438426
