-0.9890000000000000 -3.8772980159044090
-0.9780000000000000 -3.5920213318251144
-0.9670000000000000 -3.4318409856475460
-0.9560000000000000 -3.3229760012037612
-0.9450000000000000 -3.2423080681668646
-0.9339999999999999 -3.1795429867062319
-0.9230000000000000 -3.1291924907487143
-0.9120000000000000 -3.0879833198253270
-0.9010000000000000 -3.0538067410912455
-0.8900000000000000 -3.0252254045504352
-0.8790000000000000 -3.0012165116168301
-0.8680000000000000 -2.9810272249833107
-0.8570000000000000 -2.9640881685881397
-0.8460000000000000 -2.9499590913803768
-0.8350000000000000 -2.9382933396387134
-0.8240000000000001 -2.9288138366975320
-0.8129999999999999 -2.9212963766308744
-0.8020000000000000 -2.9155577208564130
-0.7910000000000000 -2.9114469394692724
-0.7800000000000000 -2.9088390001270721
-0.7690000000000000 -2.9076299489716169
-0.7580000000000000 -2.9077332424494138
-0.7470000000000000 -2.9090769270180274
-0.7360000000000000 -2.9116014548925793
-0.7250000000000000 -2.9152579855017220
-0.7140000000000000 -2.9200070647131460
-0.7030000000000001 -2.9258176037067671
-0.6919999999999999 -2.9326661008043855
-0.6810000000000000 -2.9405360653405208
-0.6699999999999999 -2.9494176146079565
-0.6590000000000000 -2.9593072242981497
-0.6480000000000000 -2.9702076205852470
-0.6370000000000000 -2.9821278087563896
-0.6260000000000000 -2.9950832396372356
-0.6150000000000000 -3.0090961215036351
-0.6040000000000001 -3.0241958922385455
-0.5930000000000000 -3.0404198747826423
-0.5820000000000001 -3.0578141491985287
-0.5710000000000000 -3.0764346879508477
-0.5600000000000001 -3.0963488187469608
-0.5490000000000000 -3.1176371036287565
-0.5380000000000000 -3.1403957571719712
-0.5270000000000000 -3.1647397756167681
-0.5160000000000000 -3.1908070204003045
-0.5050000000000000 -3.2187636066467222
-0.4940000000000000 -3.2488111109212898
-0.4830000000000000 -3.2811963692818744
-0.4720000000000000 -3.3162250504830837
-0.4610000000000000 -3.3542808774214401
-0.4500000000000001 -3.3958535560666396
-0.4390000000000001 -3.4415806012518861
-0.4280000000000000 -3.4923122623819949
-0.4170000000000000 -3.5492167586691452
-0.4060000000000000 -3.6139601446491967
-0.3950000000000000 -3.6890349496478723
-0.3840000000000000 -3.7784150564118919
-0.3730000000000000 -3.8890240505993785
-0.3620000000000000 -4.0346442235621529
-0.3510000000000000 -4.2496970674874213
-0.3400000000000001 -4.6780315115976956
-0.3290000000000001 -4.8704651414766076
-0.3180000000000001 -4.3272565715208362
-0.3070000000000001 -4.0982530490509959
-0.2960000000000000 -3.9527889879444751
-0.2850000000000000 -3.8470287222543496
-0.2740000000000000 -3.7646314018372178
-0.2630000000000000 -3.6976911371146604
-0.2520000000000000 -3.6417764377237876
-0.2410000000000000 -3.5941530705564633
-0.2300000000000000 -3.5530155079884960
-0.2190000000000001 -3.5171095948903233
-0.2080000000000001 -3.4855294022276366
-0.1970000000000001 -3.4575998884052073
-0.1860000000000001 -3.4328052504795377
-0.1750000000000000 -3.4107431576740574
-0.1640000000000000 -3.3910944073214577
-0.1530000000000000 -3.3736021665054361
-0.1420000000000000 -3.3580573887665075
-0.1310000000000000 -3.3442883333565123
-0.1200000000000000 -3.3321528845686523
-0.1090000000000001 -3.3215328283801520
-0.0980000000000001 -3.3123295270451538
-0.0870000000000001 -3.3044606120230711
-0.0760000000000001 -3.2978574325783434
-0.0650000000000001 -3.2924630752682509
-0.0540000000000000 -3.2882308225275643
-0.0430000000000000 -3.2851229553740073
-0.0320000000000000 -3.2831098313676033
-0.0210000000000000 -3.2821691878977965
-0.0100000000000000 -3.2822856349566942
0.0010000000000000 -3.2834503123713921
0.0119999999999999 -3.2856606951091472
0.0230000000000000 -3.2889205375406512
0.0339999999999999 -3.2932399540781505
0.0450000000000000 -3.2986356399280536
0.0559999999999999 -3.3051312423246140
0.0670000000000001 -3.3127579000785516
0.0780000000000000 -3.3215549782451919
0.0889999999999999 -3.3315710360320581
0.1000000000000000 -3.3428650808995695
0.1109999999999999 -3.3555081818511274
0.1220000000000000 -3.3695855426568140
0.1329999999999999 -3.3851991750315000
0.1440000000000000 -3.4024713685342065
0.1549999999999999 -3.4215492376747956
0.1660000000000000 -3.4426107529410381
0.1769999999999999 -3.4658728573419779
0.1879999999999998 -3.4916025788293048
0.1990000000000000 -3.5201325526053480
0.2099999999999999 -3.5518832163109586
0.2210000000000000 -3.5873954270953972
0.2319999999999999 -3.6273799666971618
0.2430000000000000 -3.6727956303668803
0.2539999999999999 -3.7249782974847871
0.2650000000000000 -3.7858669810290517
0.2759999999999999 -3.8584299881847892
0.2870000000000000 -3.9475504279247238
0.2979999999999999 -4.0621329807666200
0.3089999999999998 -4.2212544724432286
0.3200000000000000 -4.4799191510916092
0.3309999999999998 -5.2345450947231997
0.3420000000000000 -4.6625952210988171
0.3529999999999999 -4.3049030918852811
0.3640000000000000 -4.1104149675995654
0.3749999999999999 -3.9760020882461200
0.3860000000000000 -3.8732267990384952
0.3969999999999999 -3.7900860577909561
0.4080000000000000 -3.7203723973051761
0.4189999999999999 -3.6604558645235419
0.4299999999999998 -3.6080297206501011
0.4409999999999999 -3.5615371257730080
0.4519999999999998 -3.5198783020906466
0.4630000000000000 -3.4822481026328465
0.4739999999999999 -3.4480399706494507
0.4850000000000000 -3.4167861806072688
0.4959999999999999 -3.3881190699507537
0.5070000000000000 -3.3617449992975610
0.5179999999999999 -3.3374263416511614
0.5290000000000000 -3.3149687098384240
0.5399999999999999 -3.2942117026736111
0.5509999999999998 -3.2750220762111040
0.5619999999999999 -3.2572886250262334
0.5729999999999998 -3.2409182945676007
0.5840000000000000 -3.2258331969386345
0.5949999999999999 -3.2119683018398648
0.6060000000000000 -3.1992696411573203
0.6169999999999999 -3.1876929114764159
0.6280000000000000 -3.1772023908763769
0.6389999999999999 -3.1677701093021873
0.6500000000000000 -3.1593752286091137
0.6609999999999999 -3.1520036010167063
0.6719999999999998 -3.1456474845527143
0.6829999999999999 -3.1403054020862298
0.6939999999999998 -3.1359821374588548
0.7050000000000000 -3.1326888686131991
0.7159999999999999 -3.1304434439967244
0.7270000000000000 -3.1292708154085735
0.7379999999999999 -3.1292036484277577
0.7490000000000000 -3.1302831413411476
0.7599999999999999 -3.1325600960262103
0.7709999999999998 -3.1360963008880725
0.7819999999999999 -3.1409663086730957
0.7929999999999998 -3.1472597237167954
0.8039999999999999 -3.1550841584755989
0.8149999999999998 -3.1645690851633952
0.8260000000000000 -3.1758709064688060
0.8369999999999999 -3.1891797186680222
0.8480000000000000 -3.2047284733060737
0.8589999999999999 -3.2228056166501369
0.8700000000000000 -3.2437729022219473
0.8809999999999999 -3.2680911251039828
0.8919999999999998 -3.2963584010191269
0.9029999999999999 -3.3293691066625186
0.9139999999999998 -3.3682084767858820
0.9249999999999999 -3.4144123244725746
0.9359999999999998 -3.4702543709351823
0.9470000000000000 -3.5393071835893526
0.9579999999999999 -3.6276645830543441
0.9690000000000000 -3.7470595586477939
0.9799999999999999 -3.9250699083761900
0.9910000000000000 -4.2597022819935759
