-0.9890000000000000 0.0000000000133347
-0.9780000000000000 0.0000000000198135
-0.9670000000000000 0.0000000000217686
-0.9560000000000000 0.0000000000209046
-0.9450000000000000 0.0000000000184417
-0.9339999999999999 0.0000000000152269
-0.9230000000000000 0.0000000000118281
-0.9120000000000000 0.0000000000086022
-0.9010000000000000 0.0000000000057558
-0.8900000000000000 0.0000000000033873
-0.8790000000000000 0.0000000000015219
-0.8680000000000000 0.0000000000001372
-0.8570000000000000 0.0000000000008180
-0.8460000000000000 0.0000000000014095
-0.8350000000000000 0.0000000000017082
-0.8240000000000001 0.0000000000017824
-0.8129999999999999 0.0000000000016960
-0.8020000000000000 0.0000000000015028
-0.7910000000000000 0.0000000000012490
-0.7800000000000000 0.0000000000009703
-0.7690000000000000 0.0000000000006941
-0.7580000000000000 0.0000000000004392
-0.7470000000000000 0.0000000000002180
-0.7360000000000000 0.0000000000000377
-0.7250000000000000 0.0000000000001006
-0.7140000000000000 0.0000000000001972
-0.7030000000000001 0.0000000000002565
-0.6919999999999999 0.0000000000002833
-0.6810000000000000 0.0000000000002838
-0.6699999999999999 0.0000000000002638
-0.6590000000000000 0.0000000000002298
-0.6480000000000000 0.0000000000001870
-0.6370000000000000 0.0000000000001403
-0.6260000000000000 0.0000000000000937
-0.6150000000000000 0.0000000000000502
-0.6040000000000001 0.0000000000000120
-0.5930000000000000 0.0000000000000193
-0.5820000000000001 0.0000000000000433
-0.5710000000000000 0.0000000000000600
-0.5600000000000001 0.0000000000000693
-0.5490000000000000 0.0000000000000724
-0.5380000000000000 0.0000000000000702
-0.5270000000000000 0.0000000000000635
-0.5160000000000000 0.0000000000000537
-0.5050000000000000 0.0000000000000420
-0.4940000000000000 0.0000000000000295
-0.4830000000000000 0.0000000000000171
-0.4720000000000000 0.0000000000000053
-0.4610000000000000 0.0000000000000049
-0.4500000000000001 0.0000000000000131
-0.4390000000000001 0.0000000000000195
-0.4280000000000000 0.0000000000000235
-0.4170000000000000 0.0000000000000255
-0.4060000000000000 0.0000000000000255
-0.3950000000000000 0.0000000000000242
-0.3840000000000000 0.0000000000000209
-0.3730000000000000 0.0000000000000169
-0.3620000000000000 0.0000000000000124
-0.3510000000000000 0.0000000000000073
-0.3400000000000001 0.0000000000000027
-0.3290000000000001 0.0000000000000018
-0.3180000000000001 0.0000000000000058
-0.3070000000000001 0.0000000000000089
-0.2960000000000000 0.0000000000000111
-0.2850000000000000 0.0000000000000124
-0.2740000000000000 0.0000000000000129
-0.2630000000000000 0.0000000000000124
-0.2520000000000000 0.0000000000000113
-0.2410000000000000 0.0000000000000095
-0.2300000000000000 0.0000000000000073
-0.2190000000000001 0.0000000000000049
-0.2080000000000001 0.0000000000000020
-0.1970000000000001 0.0000000000000004
-0.1860000000000001 0.0000000000000029
-0.1750000000000000 0.0000000000000049
-0.1640000000000000 0.0000000000000064
-0.1530000000000000 0.0000000000000075
-0.1420000000000000 0.0000000000000080
-0.1310000000000000 0.0000000000000080
-0.1200000000000000 0.0000000000000075
-0.1090000000000001 0.0000000000000064
-0.0980000000000001 0.0000000000000049
-0.0870000000000001 0.0000000000000031
-0.0760000000000001 0.0000000000000016
-0.0650000000000001 0.0000000000000004
-0.0540000000000000 0.0000000000000022
-0.0430000000000000 0.0000000000000038
-0.0320000000000000 0.0000000000000053
-0.0210000000000000 0.0000000000000062
-0.0100000000000000 0.0000000000000069
0.0010000000000000 0.0000000000000071
0.0119999999999999 0.0000000000000067
0.0230000000000000 0.0000000000000060
0.0339999999999999 0.0000000000000049
0.0450000000000000 0.0000000000000036
0.0559999999999999 0.0000000000000018
0.0670000000000001 0.0000000000000000
0.0780000000000000 0.0000000000000018
0.0889999999999999 0.0000000000000033
0.1000000000000000 0.0000000000000049
0.1109999999999999 0.0000000000000060
0.1220000000000000 0.0000000000000069
0.1329999999999999 0.0000000000000071
0.1440000000000000 0.0000000000000071
0.1549999999999999 0.0000000000000064
0.1660000000000000 0.0000000000000053
0.1769999999999999 0.0000000000000040
0.1879999999999998 0.0000000000000022
0.1990000000000000 0.0000000000000000
0.2099999999999999 0.0000000000000020
0.2210000000000000 0.0000000000000044
0.2319999999999999 0.0000000000000067
0.2430000000000000 0.0000000000000084
0.2539999999999999 0.0000000000000098
0.2650000000000000 0.0000000000000107
0.2759999999999999 0.0000000000000107
0.2870000000000000 0.0000000000000102
0.2979999999999999 0.0000000000000087
0.3089999999999998 0.0000000000000067
0.3200000000000000 0.0000000000000040
0.3309999999999998 0.0000000000000009
0.3420000000000000 0.0000000000000027
0.3529999999999999 0.0000000000000067
0.3640000000000000 0.0000000000000102
0.3749999999999999 0.0000000000000138
0.3860000000000000 0.0000000000000169
0.3969999999999999 0.0000000000000187
0.4080000000000000 0.0000000000000195
0.4189999999999999 0.0000000000000191
0.4299999999999998 0.0000000000000173
0.4409999999999999 0.0000000000000138
0.4519999999999998 0.0000000000000087
0.4630000000000000 0.0000000000000022
0.4739999999999999 0.0000000000000053
0.4850000000000000 0.0000000000000138
0.4959999999999999 0.0000000000000226
0.5070000000000000 0.0000000000000315
0.5179999999999999 0.0000000000000393
0.5290000000000000 0.0000000000000453
0.5399999999999999 0.0000000000000493
0.5509999999999998 0.0000000000000497
0.5619999999999999 0.0000000000000469
0.5729999999999998 0.0000000000000391
0.5840000000000000 0.0000000000000266
0.5949999999999999 0.0000000000000095
0.6060000000000000 0.0000000000000122
0.6169999999999999 0.0000000000000382
0.6280000000000000 0.0000000000000668
0.6389999999999999 0.0000000000000966
0.6500000000000000 0.0000000000001257
0.6609999999999999 0.0000000000001514
0.6719999999999998 0.0000000000001703
0.6829999999999999 0.0000000000001796
0.6939999999999998 0.0000000000001752
0.7050000000000000 0.0000000000001539
0.7159999999999999 0.0000000000001124
0.7270000000000000 0.0000000000000477
0.7379999999999999 0.0000000000000406
0.7490000000000000 0.0000000000001534
0.7599999999999999 0.0000000000002880
0.7709999999999998 0.0000000000004392
0.7819999999999999 0.0000000000005991
0.7929999999999998 0.0000000000007552
0.8039999999999999 0.0000000000008911
0.8149999999999998 0.0000000000009859
0.8260000000000000 0.0000000000010130
0.8369999999999999 0.0000000000009428
0.8480000000000000 0.0000000000007416
0.8589999999999999 0.0000000000003735
0.8700000000000000 0.0000000000001956
0.8809999999999999 0.0000000000009959
0.8919999999999998 0.0000000000020473
0.9029999999999999 0.0000000000033520
0.9139999999999998 0.0000000000048841
0.9249999999999999 0.0000000000065770
0.9359999999999998 0.0000000000083051
0.9470000000000000 0.0000000000098646
0.9579999999999999 0.0000000000109426
0.9690000000000000 0.0000000000110862
0.9799999999999999 0.0000000000096585
0.9910000000000000 0.0000000000057885
