-0.9890000000000000 0.0013590338275073
-0.9780000000000000 0.0026865462598694
-0.9670000000000000 0.0039831413536504
-0.9560000000000000 0.0052494071151258
-0.9450000000000000 0.0064859160326441
-0.9339999999999999 0.0076932255877552
-0.9230000000000000 0.0088718787460916
-0.9120000000000000 0.0100224044289401
-0.9010000000000000 0.0111453179663949
-0.8900000000000000 0.0122411215329249
-0.8790000000000000 0.0133103045661588
-0.8680000000000000 0.0143533441696403
-0.8570000000000000 0.0153707055002689
-0.8460000000000000 0.0163628421411088
-0.8350000000000000 0.0173301964602087
-0.8240000000000001 0.0182731999560486
-0.8129999999999999 0.0191922735901900
-0.8020000000000000 0.0200878281076906
-0.7910000000000000 0.0209602643458009
-0.7800000000000000 0.0218099735314488
-0.7690000000000000 0.0226373375679866
-0.7580000000000000 0.0234427293116486
-0.7470000000000000 0.0242265128381581
-0.7360000000000000 0.0249890436998847
-0.7250000000000000 0.0257306691739501
-0.7140000000000000 0.0264517285016505
-0.7030000000000001 0.0271525531195506
-0.6919999999999999 0.0278334668825898
-0.6810000000000000 0.0284947862795175
-0.6699999999999999 0.0291368206409736
-0.6590000000000000 0.0297598723404987
-0.6480000000000000 0.0303642369887592
-0.6370000000000000 0.0309502036212544
-0.6260000000000000 0.0315180548797592
-0.6150000000000000 0.0320680671877466
-0.6040000000000001 0.0326005109200253
-0.5930000000000000 0.0331156505668117
-0.5820000000000001 0.0336137448924522
-0.5710000000000000 0.0340950470889969
-0.5600000000000001 0.0345598049248222
-0.5490000000000000 0.0350082608884859
-0.5380000000000000 0.0354406523279962
-0.5270000000000000 0.0358572115856603
-0.5160000000000000 0.0362581661286832
-0.5050000000000000 0.0366437386756667
-0.4940000000000000 0.0370141473191618
-0.4830000000000000 0.0373696056444177
-0.4720000000000000 0.0377103228444649
-0.4610000000000000 0.0380365038316646
-0.4500000000000001 0.0383483493458503
-0.4390000000000001 0.0386460560591845
-0.4280000000000000 0.0389298166778448
-0.4170000000000000 0.0391998200406534
-0.4060000000000000 0.0394562512147542
-0.3950000000000000 0.0396992915884461
-0.3840000000000000 0.0399291189612640
-0.3730000000000000 0.0401459076314067
-0.3620000000000000 0.0403498284806047
-0.3510000000000000 0.0405410490565089
-0.3400000000000001 0.0407197336526930
-0.3290000000000001 0.0408860433863421
-0.3180000000000001 0.0410401362737110
-0.3070000000000001 0.0411821673034252
-0.2960000000000000 0.0413122885076955
-0.2850000000000000 0.0414306490315176
-0.2740000000000000 0.0415373951999197
-0.2630000000000000 0.0416326705833279
-0.2520000000000000 0.0417166160611042
-0.2410000000000000 0.0417893698833209
-0.2300000000000000 0.0418510677308287
-0.2190000000000001 0.0419018427736704
-0.2080000000000001 0.0419418257278961
-0.1970000000000001 0.0419711449108294
-0.1860000000000001 0.0419899262948348
-0.1750000000000000 0.0419982935596326
-0.1640000000000000 0.0419963681432081
-0.1530000000000000 0.0419842692913580
-0.1420000000000000 0.0419621141059173
-0.1310000000000000 0.0419300175917096
-0.1200000000000000 0.0418880927022528
-0.1090000000000001 0.0418364503842703
-0.0980000000000001 0.0417751996210328
-0.0870000000000001 0.0417044474745744
-0.0760000000000001 0.0416242991268116
-0.0650000000000001 0.0415348579196031
-0.0540000000000000 0.0414362253937781
-0.0430000000000000 0.0413285013271675
-0.0320000000000000 0.0412117837716640
-0.0210000000000000 0.0410861690893445
-0.0100000000000000 0.0409517519876784
0.0010000000000000 0.0408086255538498
0.0119999999999999 0.0406568812882220
0.0230000000000000 0.0404966091369652
0.0339999999999999 0.0403278975238756
0.0450000000000000 0.0401508333814066
0.0559999999999999 0.0399655021809363
0.0670000000000001 0.0397719879622916
0.0780000000000000 0.0395703733625529
0.0889999999999999 0.0393607396441566
0.1000000000000000 0.0391431667223170
0.1109999999999999 0.0389177331917877
0.1220000000000000 0.0386845163529790
0.1329999999999999 0.0384435922374499
0.1440000000000000 0.0381950356327943
0.1549999999999999 0.0379389201069341
0.1660000000000000 0.0376753180318385
0.1769999999999999 0.0374043006066867
0.1879999999999998 0.0371259378804840
0.1990000000000000 0.0368402987741520
0.2099999999999999 0.0365474511021030
0.2210000000000000 0.0362474615933150
0.2319999999999999 0.0359403959119201
0.2430000000000000 0.0356263186773182
0.2539999999999999 0.0353052934838309
0.2650000000000000 0.0349773829199063
0.2759999999999999 0.0346426485868864
0.2870000000000000 0.0343011511173499
0.2979999999999999 0.0339529501930407
0.3089999999999998 0.0335981045623942
0.3200000000000000 0.0332366720576685
0.3309999999999998 0.0328687096116960
0.3420000000000000 0.0324942732742604
0.3529999999999999 0.0321134182281127
0.3640000000000000 0.0317261988046311
0.3749999999999999 0.0313326684991395
0.3860000000000000 0.0309328799858875
0.3969999999999999 0.0305268851327057
0.4080000000000000 0.0301147350153395
0.4189999999999999 0.0296964799314756
0.4299999999999998 0.0292721694144616
0.4409999999999999 0.0288418522467336
0.4519999999999998 0.0284055764729535
0.4630000000000000 0.0279633894128675
0.4739999999999999 0.0275153376738880
0.4850000000000000 0.0270614671634120
0.4959999999999999 0.0266018231008757
0.5070000000000000 0.0261364500295563
0.5179999999999999 0.0256653918281274
0.5290000000000000 0.0251886917219692
0.5399999999999999 0.0247063922942459
0.5509999999999998 0.0242185354967509
0.5619999999999999 0.0237251626605280
0.5729999999999998 0.0232263145062726
0.5840000000000000 0.0227220311545206
0.5949999999999999 0.0222123521356254
0.6060000000000000 0.0216973163995336
0.6169999999999999 0.0211769623253594
0.6280000000000000 0.0206513277307665
0.6389999999999999 0.0201204498811579
0.6500000000000000 0.0195843654986828
0.6609999999999999 0.0190431107710595
0.6719999999999998 0.0184967213602231
0.6829999999999999 0.0179452324108004
0.6939999999999998 0.0173886785584152
0.7050000000000000 0.0168270939378297
0.7159999999999999 0.0162605121909234
0.7270000000000000 0.0156889664745144
0.7379999999999999 0.0151124894680298
0.7490000000000000 0.0145311133810213
0.7599999999999999 0.0139448699605375
0.7709999999999998 0.0133537904983497
0.7819999999999999 0.0127579058380397
0.7929999999999998 0.0121572463819491
0.8039999999999999 0.0115518420979929
0.8149999999999998 0.0109417225263457
0.8260000000000000 0.0103269167859956
0.8369999999999999 0.0097074535811754
0.8480000000000000 0.0090833612076682
0.8589999999999999 0.0084546675589971
0.8700000000000000 0.0078214001324933
0.8809999999999999 0.0071835860352519
0.8919999999999998 0.0065412519899747
0.9029999999999999 0.0058944243407024
0.9139999999999998 0.0052431290584411
0.9249999999999999 0.0045873917466810
0.9359999999999998 0.0039272376468145
0.9470000000000000 0.0032626916434525
0.9579999999999999 0.0025937782696418
0.9690000000000000 0.0019205217119861
0.9799999999999999 0.0012429458156742
0.9910000000000000 0.0005610740894129
