-0.9890000000000000 0.0000007203656848
-0.9780000000000000 0.0000012921931856
-0.9670000000000000 0.0000017340839033
-0.9560000000000000 0.0000020629508299
-0.9450000000000000 0.0000022941363650
-0.9339999999999999 0.0000024415235533
-0.9230000000000000 0.0000025176410552
-0.9120000000000000 0.0000025337621515
-0.9010000000000000 0.0000024999980655
-0.8900000000000000 0.0000024253858730
-0.8790000000000000 0.0000023179712641
-0.8680000000000000 0.0000021848864019
-0.8570000000000000 0.0000020324231170
-0.8460000000000000 0.0000018661016655
-0.8350000000000000 0.0000016907352649
-0.8240000000000001 0.0000015104906191
-0.8129999999999999 0.0000013289446266
-0.8020000000000000 0.0000011491374653
-0.7910000000000000 0.0000009736222325
-0.7800000000000000 0.0000008045113139
-0.7690000000000000 0.0000006435196508
-0.7580000000000000 0.0000004920050573
-0.7470000000000000 0.0000003510057453
-0.7360000000000000 0.0000002212752003
-0.7250000000000000 0.0000001033145467
-0.7140000000000000 0.0000000025974676
-0.7030000000000001 0.0000000963767248
-0.6919999999999999 0.0000001781081459
-0.6810000000000000 0.0000002480221045
-0.6699999999999999 0.0000003064727255
-0.6590000000000000 0.0000003539179925
-0.6480000000000000 0.0000003909015513
-0.6370000000000000 0.0000004180361094
-0.6260000000000000 0.0000004359883428
-0.6150000000000000 0.0000004454652192
-0.6040000000000001 0.0000004472016527
-0.5930000000000000 0.0000004419494098
-0.5820000000000001 0.0000004304671892
-0.5710000000000000 0.0000004135118026
-0.5600000000000001 0.0000003918303826
-0.5490000000000000 0.0000003661535553
-0.5380000000000000 0.0000003371895070
-0.5270000000000000 0.0000003056188915
-0.5160000000000000 0.0000002720905113
-0.5050000000000000 0.0000002372177244
-0.4940000000000000 0.0000002015755155
-0.4830000000000000 0.0000001656981883
-0.4720000000000000 0.0000001300776278
-0.4610000000000000 0.0000000951620830
-0.4500000000000001 0.0000000613554331
-0.4390000000000001 0.0000000290168891
-0.4280000000000000 0.0000000015389046
-0.4170000000000000 0.0000000300414071
-0.4060000000000000 0.0000000562633964
-0.3950000000000000 0.0000000800198897
-0.3840000000000000 0.0000001011668065
-0.3730000000000000 0.0000001195994021
-0.3620000000000000 0.0000001352505030
-0.3510000000000000 0.0000001480885678
-0.3400000000000001 0.0000001581156023
-0.3290000000000001 0.0000001653649554
-0.3180000000000001 0.0000001698990095
-0.3070000000000001 0.0000001718067989
-0.2960000000000000 0.0000001712015678
-0.2850000000000000 0.0000001682182905
-0.2740000000000000 0.0000001630111708
-0.2630000000000000 0.0000001557511387
-0.2520000000000000 0.0000001466233569
-0.2410000000000000 0.0000001358247544
-0.2300000000000000 0.0000001235616006
-0.2190000000000001 0.0000001100471291
-0.2080000000000001 0.0000000954992273
-0.1970000000000001 0.0000000801381991
-0.1860000000000001 0.0000000641846098
-0.1750000000000000 0.0000000478572266
-0.1640000000000000 0.0000000313710564
-0.1530000000000000 0.0000000149354923
-0.1420000000000000 0.0000000012474253
-0.1310000000000000 0.0000000169846300
-0.1200000000000000 0.0000000320935249
-0.1090000000000001 0.0000000464033519
-0.0980000000000001 0.0000000597564262
-0.0870000000000001 0.0000000720092384
-0.0760000000000001 0.0000000830334189
-0.0650000000000001 0.0000000927165639
-0.0540000000000000 0.0000001009629231
-0.0430000000000000 0.0000001076939455
-0.0320000000000000 0.0000001128486878
-0.0210000000000000 0.0000001163840827
-0.0100000000000000 0.0000001182750701
0.0010000000000000 0.0000001185145920
0.0119999999999999 0.0000001171134525
0.0230000000000000 0.0000001141000500
0.0339999999999999 0.0000001095199771
0.0450000000000000 0.0000001034354988
0.0559999999999999 0.0000000959249099
0.0670000000000001 0.0000000870817753
0.0780000000000000 0.0000000770140602
0.0889999999999999 0.0000000658431514
0.1000000000000000 0.0000000537027834
0.1109999999999999 0.0000000407378634
0.1220000000000000 0.0000000271032118
0.1329999999999999 0.0000000129622199
0.1440000000000000 0.0000000015145676
0.1549999999999999 0.0000000161509382
0.1660000000000000 0.0000000307665566
0.1769999999999999 0.0000000451785634
0.1879999999999998 0.0000000592032170
0.1990000000000000 0.0000000726575715
0.2099999999999999 0.0000000853611820
0.2210000000000000 0.0000000971378291
0.2319999999999999 0.0000001078172506
0.2430000000000000 0.0000001172368742
0.2539999999999999 0.0000001252435408
0.2650000000000000 0.0000001316952061
0.2759999999999999 0.0000001364626137
0.2870000000000000 0.0000001394309269
0.2979999999999999 0.0000001405013109
0.3089999999999998 0.0000001395924507
0.3200000000000000 0.0000001366420006
0.3309999999999998 0.0000001316079454
0.3420000000000000 0.0000001244698687
0.3529999999999999 0.0000001152301155
0.3640000000000000 0.0000001039148338
0.3749999999999999 0.0000000905748890
0.3860000000000000 0.0000000752866332
0.3969999999999999 0.0000000581525222
0.4080000000000000 0.0000000393015643
0.4189999999999999 0.0000000188895915
0.4299999999999998 0.0000000029006646
0.4409999999999999 0.0000000258596967
0.4519999999999998 0.0000000497515670
0.4630000000000000 0.0000000743144849
0.4739999999999999 0.0000000992616227
0.4850000000000000 0.0000001242821941
0.4959999999999999 0.0000001490428008
0.5070000000000000 0.0000001731890636
0.5179999999999999 0.0000001963475527
0.5290000000000000 0.0000002181280287
0.5399999999999999 0.0000002381260092
0.5509999999999998 0.0000002559256768
0.5619999999999999 0.0000002711031392
0.5729999999999998 0.0000002832300582
0.5840000000000000 0.0000002918776614
0.5949999999999999 0.0000002966211512
0.6060000000000000 0.0000002970445224
0.6169999999999999 0.0000002927458114
0.6280000000000000 0.0000002833427793
0.6389999999999999 0.0000002684790571
0.6500000000000000 0.0000002478307556
0.6609999999999999 0.0000002211135650
0.6719999999999998 0.0000001880903527
0.6829999999999999 0.0000001485792774
0.6939999999999998 0.0000001024624324
0.7050000000000000 0.0000000496950377
0.7159999999999999 0.0000000096848094
0.7270000000000000 0.0000000755457996
0.7379999999999999 0.0000001476524984
0.7490000000000000 0.0000002256538184
0.7599999999999999 0.0000003090708655
0.7709999999999998 0.0000003972841493
0.7819999999999999 0.0000004895201378
0.7929999999999998 0.0000005848371420
0.8039999999999999 0.0000006821105144
0.8149999999999998 0.0000007800171449
0.8260000000000000 0.0000008770192390
0.8369999999999999 0.0000009713473631
0.8480000000000000 0.0000010609827362
0.8589999999999999 0.0000011436387585
0.8700000000000000 0.0000012167417576
0.8809999999999999 0.0000012774109329
0.8919999999999998 0.0000013224374886
0.9029999999999999 0.0000013482629332
0.9139999999999998 0.0000013509565320
0.9249999999999999 0.0000013261918962
0.9359999999999998 0.0000012692226900
0.9470000000000000 0.0000011748574413
0.9579999999999999 0.0000010374334393
0.9690000000000000 0.0000008507897005
0.9799999999999999 0.0000006082389892
0.9910000000000000 0.0000003025388722
