-0.9890000000000000 0.0040149352581878
-0.9780000000000000 0.0073384374381991
-0.9670000000000000 0.0106317588118122
-0.9560000000000000 0.0138777290688290
-0.9450000000000000 0.0170596229681699
-0.9339999999999999 0.0201612820120462
-0.9230000000000000 0.0231672053765875
-0.9120000000000000 0.0260626182538056
-0.9010000000000000 0.0288335234330343
-0.8900000000000000 0.0314667405430643
-0.8790000000000000 0.0339499361844728
-0.8680000000000000 0.0362716472963451
-0.8570000000000000 0.0384212995179132
-0.8460000000000000 0.0403892217565912
-0.8350000000000000 0.0421666578474192
-0.8240000000000001 0.0437457759270814
-0.8129999999999999 0.0451196759528588
-0.8020000000000000 0.0462823956572608
-0.7910000000000000 0.0472289151335147
-0.7800000000000000 0.0479551601713313
-0.7690000000000000 0.0484580044092091
-0.7580000000000000 0.0487352703285820
-0.7470000000000000 0.0487857290829789
-0.7360000000000000 0.0486090991286776
-0.7250000000000000 0.0482060436003954
-0.7140000000000000 0.0475781663547007
-0.7030000000000001 0.0467280065841713
-0.6919999999999999 0.0456590318865037
-0.6810000000000000 0.0443756296544865
-0.6699999999999999 0.0428830966351187
-0.6590000000000000 0.0411876264892947
-0.6480000000000000 0.0392962951677943
-0.6370000000000000 0.0372170439051249
-0.6260000000000000 0.0349586596206740
-0.6150000000000000 0.0325307525070413
-0.6040000000000001 0.0299437305790580
-0.5930000000000000 0.0272087709543128
-0.5820000000000001 0.0243377876377616
-0.5710000000000000 0.0213433955896789
-0.5600000000000001 0.0182388708684907
-0.5490000000000000 0.0150381066584229
-0.5380000000000000 0.0117555650169071
-0.5270000000000000 0.0084062242087050
-0.5160000000000000 0.0050055215330377
-0.5050000000000000 0.0015692915967888
-0.4940000000000000 0.0018827485294143
-0.4830000000000000 0.0053164118402748
-0.4720000000000000 0.0087130932607821
-0.4610000000000000 0.0120569913789145
-0.4500000000000001 0.0153327077411470
-0.4390000000000001 0.0185253081339679
-0.4280000000000000 0.0216203793003485
-0.4170000000000000 0.0246040811402527
-0.4060000000000000 0.0274631944895736
-0.3950000000000000 0.0301851646095656
-0.3840000000000000 0.0327581405490747
-0.3730000000000000 0.0351710105649020
-0.3620000000000000 0.0374134338018368
-0.3510000000000000 0.0394758684437124
-0.3400000000000001 0.0413495965507452
-0.3290000000000001 0.0430267457969898
-0.3180000000000001 0.0445003083154794
-0.3070000000000001 0.0457641568480945
-0.2960000000000000 0.0468130583829465
-0.2850000000000000 0.0476426854445912
-0.2740000000000000 0.0482496251821775
-0.2630000000000000 0.0486313863781910
-0.2520000000000000 0.0487864044761806
-0.2410000000000000 0.0487140447001890
-0.2300000000000000 0.0484146033119425
-0.2190000000000001 0.0478893070245670
-0.2080000000000001 0.0471403105640677
-0.1970000000000001 0.0461706923423846
-0.1860000000000001 0.0449844481789029
-0.1750000000000000 0.0435864829812321
-0.1640000000000000 0.0419826002712317
-0.1530000000000000 0.0401794894191129
-0.1420000000000000 0.0381847104273761
-0.1310000000000000 0.0360066760878184
-0.1200000000000000 0.0336546313193855
-0.1090000000000001 0.0311386294826886
-0.0980000000000001 0.0284695054591662
-0.0870000000000001 0.0256588452796235
-0.0760000000000001 0.0227189520888213
-0.0650000000000001 0.0196628082404223
-0.0540000000000000 0.0165040333304663
-0.0430000000000000 0.0132568379981030
-0.0320000000000000 0.0099359733499501
-0.0210000000000000 0.0065566758994864
-0.0100000000000000 0.0031346079555053
0.0010000000000000 0.0003141078613708
0.0119999999999999 0.0037592653757468
0.0230000000000000 0.0071747390215963
0.0339999999999999 0.0105445656430093
0.0450000000000000 0.0138531557085211
0.0559999999999999 0.0170853566603710
0.0670000000000001 0.0202265116958600
0.0780000000000000 0.0232625140062516
0.0889999999999999 0.0261798565475023
0.1000000000000000 0.0289656774583481
0.1109999999999999 0.0316078012749410
0.1220000000000000 0.0340947761175652
0.1329999999999999 0.0364159070442684
0.1440000000000000 0.0385612857789278
0.1549999999999999 0.0405218170278500
0.1660000000000000 0.0422892415999424
0.1769999999999999 0.0438561565413836
0.1879999999999998 0.0452160324870741
0.1990000000000000 0.0463632284185446
0.2099999999999999 0.0472930040019177
0.2210000000000000 0.0480015296605075
0.2319999999999999 0.0484858945151703
0.2430000000000000 0.0487441123020054
0.2539999999999999 0.0487751253519470
0.2650000000000000 0.0485788066905123
0.2759999999999999 0.0481559602889323
0.2870000000000000 0.0475083194704140
0.2979999999999999 0.0466385434477721
0.3089999999999998 0.0455502119414661
0.3200000000000000 0.0442478178005517
0.3309999999999998 0.0427367575236283
0.3420000000000000 0.0410233195528748
0.3529999999999999 0.0391146701921900
0.3640000000000000 0.0370188369807054
0.3749999999999999 0.0347446893359971
0.3860000000000000 0.0323019162676952
0.3969999999999999 0.0297010009523706
0.4080000000000000 0.0269531919551359
0.4189999999999999 0.0240704708828490
0.4299999999999998 0.0210655162586948
0.4409999999999999 0.0179516634188000
0.4519999999999998 0.0147428602488135
0.4630000000000000 0.0114536186025894
0.4739999999999999 0.0080989612764432
0.4850000000000000 0.0046943644512681
0.4959999999999999 0.0012556955610476
0.5070000000000000 0.0021960202793980
0.5179999999999999 0.0056269947282684
0.5290000000000000 0.0090195391051126
0.5399999999999999 0.0123578871301030
0.5509999999999998 0.0156266817033134
0.5619999999999999 0.0188110359169144
0.5729999999999998 0.0218965895613291
0.5840000000000000 0.0248695611979124
0.5949999999999999 0.0277167959226803
0.6060000000000000 0.0304258089928932
0.6169999999999999 0.0329848255322080
0.6280000000000000 0.0353828165727658
0.6389999999999999 0.0376095317369549
0.6500000000000000 0.0396555289120008
0.6609999999999999 0.0415122013331721
0.6719999999999998 0.0431718025752666
0.6829999999999999 0.0446274700702072
0.6939999999999998 0.0458732479403098
0.7050000000000000 0.0469041101904827
0.7159999999999999 0.0477159856803932
0.7270000000000000 0.0483057868622411
0.7379999999999999 0.0486714451144427
0.7490000000000000 0.0488119567654536
0.7599999999999999 0.0487274457922529
0.7709999999999998 0.0484192520031625
0.7819999999999999 0.0478900577328731
0.7929999999999998 0.0471440723684612
0.8039999999999999 0.0461873033944700
0.8149999999999998 0.0450279565747438
0.8260000000000000 0.0436770285574150
0.8369999999999999 0.0421491857788222
0.8480000000000000 0.0404640686795355
0.8589999999999999 0.0386482265868707
0.8700000000000000 0.0367379856486149
0.8809999999999999 0.0347836931995118
0.8919999999999998 0.0328559849983202
0.9029999999999999 0.0310550105621054
0.9139999999999998 0.0295239550536404
0.9249999999999999 0.0284687434643738
0.9359999999999998 0.0281865222739046
0.9470000000000000 0.0291063611028202
0.9579999999999999 0.0318464677199957
0.9690000000000000 0.0372926851418506
0.9799999999999999 0.0467022775759580
0.9910000000000000 0.0618333175290095
