-0.9890000000000000 0.0000000000004039
-0.9780000000000000 0.0000000000005440
-0.9670000000000000 0.0000000000003086
-0.9560000000000000 0.0000000000000286
-0.9450000000000000 0.0000000000003184
-0.9339999999999999 0.0000000000004947
-0.9230000000000000 0.0000000000005427
-0.9120000000000000 0.0000000000004792
-0.9010000000000000 0.0000000000003355
-0.8900000000000000 0.0000000000001472
-0.8790000000000000 0.0000000000000522
-0.8680000000000000 0.0000000000002349
-0.8570000000000000 0.0000000000003804
-0.8460000000000000 0.0000000000004765
-0.8350000000000000 0.0000000000005180
-0.8240000000000001 0.0000000000005063
-0.8129999999999999 0.0000000000004476
-0.8020000000000000 0.0000000000003508
-0.7910000000000000 0.0000000000002274
-0.7800000000000000 0.0000000000000895
-0.7690000000000000 0.0000000000000508
-0.7580000000000000 0.0000000000001836
-0.7470000000000000 0.0000000000002993
-0.7360000000000000 0.0000000000003912
-0.7250000000000000 0.0000000000004547
-0.7140000000000000 0.0000000000004874
-0.7030000000000001 0.0000000000004889
-0.6919999999999999 0.0000000000004610
-0.6810000000000000 0.0000000000004068
-0.6699999999999999 0.0000000000003306
-0.6590000000000000 0.0000000000002378
-0.6480000000000000 0.0000000000001343
-0.6370000000000000 0.0000000000000258
-0.6260000000000000 0.0000000000000817
-0.6150000000000000 0.0000000000001830
-0.6040000000000001 0.0000000000002731
-0.5930000000000000 0.0000000000003486
-0.5820000000000001 0.0000000000004061
-0.5710000000000000 0.0000000000004436
-0.5600000000000001 0.0000000000004605
-0.5490000000000000 0.0000000000004565
-0.5380000000000000 0.0000000000004325
-0.5270000000000000 0.0000000000003901
-0.5160000000000000 0.0000000000003322
-0.5050000000000000 0.0000000000002613
-0.4940000000000000 0.0000000000001805
-0.4830000000000000 0.0000000000000939
-0.4720000000000000 0.0000000000000049
-0.4610000000000000 0.0000000000000830
-0.4500000000000001 0.0000000000001665
-0.4390000000000001 0.0000000000002420
-0.4280000000000000 0.0000000000003078
-0.4170000000000000 0.0000000000003604
-0.4060000000000000 0.0000000000003995
-0.3950000000000000 0.0000000000004232
-0.3840000000000000 0.0000000000004312
-0.3730000000000000 0.0000000000004232
-0.3620000000000000 0.0000000000004008
-0.3510000000000000 0.0000000000003642
-0.3400000000000001 0.0000000000003153
-0.3290000000000001 0.0000000000002562
-0.3180000000000001 0.0000000000001887
-0.3070000000000001 0.0000000000001159
-0.2960000000000000 0.0000000000000400
-0.2850000000000000 0.0000000000000364
-0.2740000000000000 0.0000000000001108
-0.2630000000000000 0.0000000000001807
-0.2520000000000000 0.0000000000002438
-0.2410000000000000 0.0000000000002980
-0.2300000000000000 0.0000000000003422
-0.2190000000000001 0.0000000000003748
-0.2080000000000001 0.0000000000003948
-0.1970000000000001 0.0000000000004019
-0.1860000000000001 0.0000000000003961
-0.1750000000000000 0.0000000000003779
-0.1640000000000000 0.0000000000003477
-0.1530000000000000 0.0000000000003069
-0.1420000000000000 0.0000000000002567
-0.1310000000000000 0.0000000000001990
-0.1200000000000000 0.0000000000001357
-0.1090000000000001 0.0000000000000684
-0.0980000000000001 0.0000000000000004
-0.0870000000000001 0.0000000000000684
-0.0760000000000001 0.0000000000001337
-0.0650000000000001 0.0000000000001945
-0.0540000000000000 0.0000000000002487
-0.0430000000000000 0.0000000000002947
-0.0320000000000000 0.0000000000003313
-0.0210000000000000 0.0000000000003575
-0.0100000000000000 0.0000000000003726
0.0010000000000000 0.0000000000003759
0.0119999999999999 0.0000000000003677
0.0230000000000000 0.0000000000003482
0.0339999999999999 0.0000000000003180
0.0450000000000000 0.0000000000002784
0.0559999999999999 0.0000000000002305
0.0670000000000001 0.0000000000001756
0.0780000000000000 0.0000000000001159
0.0889999999999999 0.0000000000000528
0.1000000000000000 0.0000000000000115
0.1109999999999999 0.0000000000000751
0.1220000000000000 0.0000000000001359
0.1329999999999999 0.0000000000001923
0.1440000000000000 0.0000000000002420
0.1549999999999999 0.0000000000002840
0.1660000000000000 0.0000000000003171
0.1769999999999999 0.0000000000003395
0.1879999999999998 0.0000000000003513
0.1990000000000000 0.0000000000003517
0.2099999999999999 0.0000000000003408
0.2210000000000000 0.0000000000003191
0.2319999999999999 0.0000000000002871
0.2430000000000000 0.0000000000002456
0.2539999999999999 0.0000000000001965
0.2650000000000000 0.0000000000001412
0.2759999999999999 0.0000000000000810
0.2870000000000000 0.0000000000000187
0.2979999999999999 0.0000000000000440
0.3089999999999998 0.0000000000001052
0.3200000000000000 0.0000000000001628
0.3309999999999998 0.0000000000002143
0.3420000000000000 0.0000000000002585
0.3529999999999999 0.0000000000002935
0.3640000000000000 0.0000000000003180
0.3749999999999999 0.0000000000003311
0.3860000000000000 0.0000000000003326
0.3969999999999999 0.0000000000003220
0.4080000000000000 0.0000000000002993
0.4189999999999999 0.0000000000002658
0.4299999999999998 0.0000000000002223
0.4409999999999999 0.0000000000001703
0.4519999999999998 0.0000000000001121
0.4630000000000000 0.0000000000000493
0.4739999999999999 0.0000000000000151
0.4850000000000000 0.0000000000000793
0.4959999999999999 0.0000000000001403
0.5070000000000000 0.0000000000001954
0.5179999999999999 0.0000000000002425
0.5290000000000000 0.0000000000002793
0.5399999999999999 0.0000000000003044
0.5509999999999998 0.0000000000003162
0.5619999999999999 0.0000000000003142
0.5729999999999998 0.0000000000002978
0.5840000000000000 0.0000000000002678
0.5949999999999999 0.0000000000002247
0.6060000000000000 0.0000000000001710
0.6169999999999999 0.0000000000001088
0.6280000000000000 0.0000000000000409
0.6389999999999999 0.0000000000000298
0.6500000000000000 0.0000000000000990
0.6609999999999999 0.0000000000001634
0.6719999999999998 0.0000000000002192
0.6829999999999999 0.0000000000002633
0.6939999999999998 0.0000000000002922
0.7050000000000000 0.0000000000003042
0.7159999999999999 0.0000000000002971
0.7270000000000000 0.0000000000002718
0.7379999999999999 0.0000000000002278
0.7490000000000000 0.0000000000001679
0.7599999999999999 0.0000000000000955
0.7709999999999998 0.0000000000000151
0.7819999999999999 0.0000000000000675
0.7929999999999998 0.0000000000001461
0.8039999999999999 0.0000000000002138
0.8149999999999998 0.0000000000002642
0.8260000000000000 0.0000000000002911
0.8369999999999999 0.0000000000002900
0.8480000000000000 0.0000000000002589
0.8589999999999999 0.0000000000001983
0.8700000000000000 0.0000000000001121
0.8809999999999999 0.0000000000000089
0.8919999999999998 0.0000000000000993
0.9029999999999999 0.0000000000001967
0.9139999999999998 0.0000000000002656
0.9249999999999999 0.0000000000002869
0.9359999999999998 0.0000000000002476
0.9470000000000000 0.0000000000001421
0.9579999999999999 0.0000000000000169
0.9690000000000000 0.0000000000001870
0.9799999999999999 0.0000000000002829
0.9910000000000000 0.0000000000001541
