-0.989000 0.003447
-0.978000 0.006866
-0.967000 0.010241
-0.956000 0.013555
-0.945000 0.016795
-0.934000 0.019945
-0.923000 0.022991
-0.912000 0.025920
-0.901000 0.028718
-0.890000 0.031374
-0.879000 0.033875
-0.868000 0.036212
-0.857000 0.038374
-0.846000 0.040351
-0.835000 0.042137
-0.824000 0.043722
-0.813000 0.045101
-0.802000 0.046268
-0.791000 0.047218
-0.780000 0.047946
-0.769000 0.048451
-0.758000 0.048730
-0.747000 0.048782
-0.736000 0.048606
-0.725000 0.048204
-0.714000 0.047576
-0.703000 0.046727
-0.692000 0.045658
-0.681000 0.044375
-0.670000 0.042883
-0.659000 0.041187
-0.648000 0.039296
-0.637000 0.037217
-0.626000 0.034959
-0.615000 0.032531
-0.604000 0.029944
-0.593000 0.027209
-0.582000 0.024338
-0.571000 0.021343
-0.560000 0.018239
-0.549000 0.015038
-0.538000 0.011756
-0.527000 0.008406
-0.516000 0.005006
-0.505000 0.001569
-0.494000 0.001883
-0.483000 0.005316
-0.472000 0.008713
-0.461000 0.012057
-0.450000 0.015333
-0.439000 0.018525
-0.428000 0.021620
-0.417000 0.024604
-0.406000 0.027463
-0.395000 0.030185
-0.384000 0.032758
-0.373000 0.035171
-0.362000 0.037413
-0.351000 0.039476
-0.340000 0.041350
-0.329000 0.043027
-0.318000 0.044500
-0.307000 0.045764
-0.296000 0.046813
-0.285000 0.047643
-0.274000 0.048250
-0.263000 0.048631
-0.252000 0.048786
-0.241000 0.048714
-0.230000 0.048415
-0.219000 0.047889
-0.208000 0.047140
-0.197000 0.046171
-0.186000 0.044984
-0.175000 0.043586
-0.164000 0.041983
-0.153000 0.040179
-0.142000 0.038185
-0.131000 0.036007
-0.120000 0.033655
-0.109000 0.031139
-0.098000 0.028470
-0.087000 0.025659
-0.076000 0.022719
-0.065000 0.019663
-0.054000 0.016504
-0.043000 0.013257
-0.032000 0.009936
-0.021000 0.006557
-0.010000 0.003135
0.001000 0.000314
0.012000 0.003759
0.023000 0.007175
0.034000 0.010545
0.045000 0.013853
0.056000 0.017085
0.067000 0.020227
0.078000 0.023263
0.089000 0.026180
0.100000 0.028966
0.111000 0.031608
0.122000 0.034095
0.133000 0.036416
0.144000 0.038561
0.155000 0.040522
0.166000 0.042289
0.177000 0.043856
0.188000 0.045216
0.199000 0.046363
0.210000 0.047293
0.221000 0.048002
0.232000 0.048486
0.243000 0.048744
0.254000 0.048775
0.265000 0.048579
0.276000 0.048156
0.287000 0.047508
0.298000 0.046639
0.309000 0.045550
0.320000 0.044248
0.331000 0.042737
0.342000 0.041023
0.353000 0.039115
0.364000 0.037019
0.375000 0.034745
0.386000 0.032302
0.397000 0.029701
0.408000 0.026953
0.419000 0.024070
0.430000 0.021066
0.441000 0.017952
0.452000 0.014743
0.463000 0.011454
0.474000 0.008099
0.485000 0.004694
0.496000 0.001256
0.507000 0.002196
0.518000 0.005627
0.529000 0.009019
0.540000 0.012358
0.551000 0.015627
0.562000 0.018811
0.573000 0.021896
0.584000 0.024869
0.595000 0.027716
0.606000 0.030425
0.617000 0.032984
0.628000 0.035382
0.639000 0.037609
0.650000 0.039654
0.661000 0.041510
0.672000 0.043169
0.683000 0.044624
0.694000 0.045868
0.705000 0.046898
0.716000 0.047707
0.727000 0.048294
0.738000 0.048655
0.749000 0.048789
0.760000 0.048696
0.771000 0.048376
0.782000 0.047830
0.793000 0.047061
0.804000 0.046072
0.815000 0.044866
0.826000 0.043449
0.837000 0.041827
0.848000 0.040006
0.859000 0.037994
0.870000 0.035800
0.881000 0.033433
0.892000 0.030902
0.903000 0.028220
0.914000 0.025397
0.925000 0.022446
0.936000 0.019380
0.947000 0.016212
0.958000 0.012958
0.969000 0.009631
0.980000 0.006247
0.991000 0.002822
