-0.9890000000000000 0.0275868831898665
-0.9780000000000000 0.0262132526513521
-0.9670000000000000 0.0248662882815588
-0.9560000000000000 0.0235456388730591
-0.9450000000000000 0.0222509588686036
-0.9339999999999999 0.0209819082456333
-0.9230000000000000 0.0197381524037551
-0.9120000000000000 0.0185193620550883
-0.9010000000000000 0.0173252131173903
-0.8900000000000000 0.0161553866098801
-0.8790000000000000 0.0150095685516716
-0.8680000000000000 0.0138874498627436
-0.8570000000000000 0.0127887262673628
-0.8460000000000000 0.0117130981998895
-0.8350000000000000 0.0106602707128966
-0.8240000000000001 0.0096299533875260
-0.8129999999999999 0.0086218602460235
-0.8020000000000000 0.0076357096663831
-0.7910000000000000 0.0066712242990410
-0.7800000000000000 0.0057281309855592
-0.7690000000000000 0.0048061606792369
-0.7580000000000000 0.0039050483676045
-0.7470000000000000 0.0030245329967319
-0.7360000000000000 0.0021643573973112
-0.7250000000000000 0.0013242682124566
-0.7140000000000000 0.0005040158271757
-0.7030000000000001 0.0002965577279593
-0.6919999999999999 0.0010767979631656
-0.6810000000000000 0.0018367820113561
-0.6699999999999999 0.0025768336367694
-0.6590000000000000 0.0032972692876933
-0.6480000000000000 0.0039983983020174
-0.6370000000000000 0.0046805231058433
-0.6260000000000000 0.0053439394054230
-0.6150000000000000 0.0059889363726901
-0.6040000000000001 0.0066157968246306
-0.5930000000000000 0.0072247973967360
-0.5820000000000001 0.0078162087107623
-0.5710000000000000 0.0083902955370148
-0.5600000000000001 0.0089473169513695
-0.5490000000000000 0.0094875264872261
-0.5380000000000000 0.0100111722825857
-0.5270000000000000 0.0105184972224375
-0.5160000000000000 0.0110097390766257
-0.5050000000000000 0.0114851306333652
-0.4940000000000000 0.0119448998285689
-0.4830000000000000 0.0123892698711352
-0.4720000000000000 0.0128184593643484
-0.4610000000000000 0.0132326824235264
-0.4500000000000001 0.0136321487900576
-0.4390000000000001 0.0140170639419522
-0.4280000000000000 0.0143876292010313
-0.4170000000000000 0.0147440418368792
-0.4060000000000000 0.0150864951676640
-0.3950000000000000 0.0154151786579450
-0.3840000000000000 0.0157302780135663
-0.3730000000000000 0.0160319752737407
-0.3620000000000000 0.0163204489004198
-0.3510000000000000 0.0165958738650427
-0.3400000000000001 0.0168584217327578
-0.3290000000000001 0.0171082607441950
-0.3180000000000001 0.0173455558948809
-0.3070000000000001 0.0175704690123678
-0.2960000000000000 0.0177831588311601
-0.2850000000000000 0.0179837810655070
-0.2740000000000000 0.0181724884801344
-0.2630000000000000 0.0183494309589832
-0.2520000000000000 0.0185147555720200
-0.2410000000000000 0.0186686066401823
-0.2300000000000000 0.0188111257985225
-0.2190000000000001 0.0189424520576013
-0.2080000000000001 0.0190627218631975
-0.1970000000000001 0.0191720691543775
-0.1860000000000001 0.0192706254199858
-0.1750000000000000 0.0193585197536005
-0.1640000000000000 0.0194358789070066
-0.1530000000000000 0.0195028273422289
-0.1420000000000000 0.0195594872821758
-0.1310000000000000 0.0196059787599333
-0.1200000000000000 0.0196424196667498
-0.1090000000000001 0.0196689257987571
-0.0980000000000001 0.0196856109024629
-0.0870000000000001 0.0196925867190514
-0.0760000000000001 0.0196899630275334
-0.0650000000000001 0.0196778476867745
-0.0540000000000000 0.0196563466764408
-0.0430000000000000 0.0196255641368905
-0.0320000000000000 0.0195856024080456
-0.0210000000000000 0.0195365620672733
-0.0100000000000000 0.0194785419663064
0.0010000000000000 0.0194116392672299
0.0119999999999999 0.0193359494775658
0.0230000000000000 0.0192515664844743
0.0339999999999999 0.0191585825881076
0.0450000000000000 0.0190570885341311
0.0559999999999999 0.0189471735454427
0.0670000000000001 0.0188289253531106
0.0780000000000000 0.0187024302265522
0.0889999999999999 0.0185677730029765
0.1000000000000000 0.0184250371161097
0.1109999999999999 0.0182743046242263
0.1220000000000000 0.0181156562375028
0.1329999999999999 0.0179491713447151
0.1440000000000000 0.0177749280392967
0.1549999999999999 0.0175930031447772
0.1660000000000000 0.0174034722396152
0.1769999999999999 0.0172064096814452
0.1879999999999998 0.0170018886307540
0.1990000000000000 0.0167899810740011
0.2099999999999999 0.0165707578461998
0.2210000000000000 0.0163442886529719
0.2319999999999999 0.0161106420920926
0.2430000000000000 0.0158698856745366
0.2539999999999999 0.0156220858450418
0.2650000000000000 0.0153673080022002
0.2759999999999999 0.0151056165180919
0.2870000000000000 0.0148370747574712
0.2979999999999999 0.0145617450965203
0.3089999999999998 0.0142796889411781
0.3200000000000000 0.0139909667450569
0.3309999999999998 0.0136956380269608
0.3420000000000000 0.0133937613880085
0.3529999999999999 0.0130853945283808
0.3640000000000000 0.0127705942636926
0.3749999999999999 0.0124494165410083
0.3860000000000000 0.0121219164545002
0.3969999999999999 0.0117881482607684
0.4080000000000000 0.0114481653938242
0.4189999999999999 0.0111020204797482
0.4299999999999998 0.0107497653510299
0.4409999999999999 0.0103914510606008
0.4519999999999998 0.0100271278955614
0.4630000000000000 0.0096568453906186
0.4739999999999999 0.0092806523412316
0.4850000000000000 0.0088985968164822
0.4959999999999999 0.0085107261716691
0.5070000000000000 0.0081170870606379
0.5179999999999999 0.0077177254478509
0.5290000000000000 0.0073126866202035
0.5399999999999999 0.0069020151985937
0.5509999999999998 0.0064857551492502
0.5619999999999999 0.0060639497948260
0.5729999999999998 0.0056366418252616
0.5840000000000000 0.0052038733084243
0.5949999999999999 0.0047656857005294
0.6060000000000000 0.0043221198563470
0.6169999999999999 0.0038732160392008
0.6280000000000000 0.0034190139307637
0.6389999999999999 0.0029595526406538
0.6500000000000000 0.0024948707158382
0.6609999999999999 0.0020250061498448
0.6719999999999998 0.0015499963917913
0.6829999999999999 0.0010698783552322
0.6939999999999998 0.0005846884268298
0.7050000000000000 0.0000944624748523
0.7159999999999999 0.0004006035949379
0.7270000000000000 0.0009001455767846
0.7379999999999999 0.0014041061554492
0.7490000000000000 0.0019124374591954
0.7599999999999999 0.0024250921294214
0.7709999999999998 0.0029420233143832
0.7819999999999999 0.0034631846630094
0.7929999999999998 0.0039885303188001
0.8039999999999999 0.0045180149138158
0.8149999999999998 0.0050515935627497
0.8260000000000000 0.0055892218570839
0.8369999999999999 0.0061308558593267
0.8480000000000000 0.0066764520973316
0.8589999999999999 0.0072259675586970
0.8700000000000000 0.0077793596852408
0.8809999999999999 0.0083365863675560
0.8919999999999998 0.0088976059396385
0.9029999999999999 0.0094623771735918
0.9139999999999998 0.0100308592744024
0.9249999999999999 0.0106030118747914
0.9359999999999998 0.0111787950301320
0.9470000000000000 0.0117581692134411
0.9579999999999999 0.0123410953104367
0.9690000000000000 0.0129275346146640
0.9799999999999999 0.0135174488226893
0.9910000000000000 0.0141108000293567
