-0.9890000000000000 0.0000002791634769
-0.9780000000000000 0.0000000818245973
-0.9670000000000000 0.0000003477502328
-0.9560000000000000 0.0000005327635552
-0.9450000000000000 0.0000006495804017
-0.9339999999999999 0.0000007095892163
-0.9230000000000000 0.0000007229518384
-0.9120000000000000 0.0000006986983964
-0.9010000000000000 0.0000006448166012
-0.8900000000000000 0.0000005683357031
-0.8790000000000000 0.0000004754053749
-0.8680000000000000 0.0000003713697664
-0.8570000000000000 0.0000002608369715
-0.8460000000000000 0.0000001477441291
-0.8350000000000000 0.0000000354183758
-0.8240000000000001 0.0000000733661345
-0.8129999999999999 0.0000001763349586
-0.8020000000000000 0.0000002716636751
-0.7910000000000000 0.0000003579315281
-0.7800000000000000 0.0000004340782861
-0.7690000000000000 0.0000004993641361
-0.7580000000000000 0.0000005533324573
-0.7470000000000000 0.0000005957753226
-0.7360000000000000 0.0000006267015808
-0.7250000000000000 0.0000006463073848
-0.7140000000000000 0.0000006549490315
-0.7030000000000001 0.0000006531179893
-0.6919999999999999 0.0000006414179880
-0.6810000000000000 0.0000006205440619
-0.6699999999999999 0.0000005912634326
-0.6590000000000000 0.0000005543981207
-0.6480000000000000 0.0000005108091990
-0.6370000000000000 0.0000004613825750
-0.6260000000000000 0.0000004070162223
-0.6150000000000000 0.0000003486087677
-0.6040000000000001 0.0000002870493511
-0.5930000000000000 0.0000002232086759
-0.5820000000000001 0.0000001579311783
-0.5710000000000000 0.0000000920282350
-0.5600000000000001 0.0000000262723462
-0.5490000000000000 0.0000000386077756
-0.5380000000000000 0.0000001019312740
-0.5270000000000000 0.0000001630684481
-0.5160000000000000 0.0000002214433143
-0.5050000000000000 0.0000002765355033
-0.4940000000000000 0.0000003278815439
-0.4830000000000000 0.0000003750755804
-0.4720000000000000 0.0000004177695725
-0.4610000000000000 0.0000004556730247
-0.4500000000000001 0.0000004885522834
-0.4390000000000001 0.0000005162294512
-0.4280000000000000 0.0000005385809460
-0.4170000000000000 0.0000005555357554
-0.4060000000000000 0.0000005670734073
-0.3950000000000000 0.0000005732217037
-0.3840000000000000 0.0000005740542368
-0.3730000000000000 0.0000005696877277
-0.3620000000000000 0.0000005602792097
-0.3510000000000000 0.0000005460230836
-0.3400000000000001 0.0000005271480724
-0.3290000000000001 0.0000005039140980
-0.3180000000000001 0.0000004766091014
-0.3070000000000001 0.0000004455458280
-0.2960000000000000 0.0000004110585986
-0.2850000000000000 0.0000003735000828
-0.2740000000000000 0.0000003332380927
-0.2630000000000000 0.0000002906524150
-0.2520000000000000 0.0000002461316914
-0.2410000000000000 0.0000002000703678
-0.2300000000000000 0.0000001528657197
-0.2190000000000001 0.0000001049149670
-0.2080000000000001 0.0000000566124915
-0.1970000000000001 0.0000000083471643
-0.1860000000000001 0.0000000395002063
-0.1750000000000000 0.0000000865592984
-0.1640000000000000 0.0000001324725721
-0.1530000000000000 0.0000001768974139
-0.1420000000000000 0.0000002195081369
-0.1310000000000000 0.0000002599978286
-0.1200000000000000 0.0000002980800424
-0.1090000000000001 0.0000003334903290
-0.0980000000000001 0.0000003659876041
-0.0870000000000001 0.0000003953553507
-0.0760000000000001 0.0000004214026552
-0.0650000000000001 0.0000004439650767
-0.0540000000000000 0.0000004629053455
-0.0430000000000000 0.0000004781138954
-0.0320000000000000 0.0000004895092297
-0.0210000000000000 0.0000004970381190
-0.0100000000000000 0.0000005006756375
0.0010000000000000 0.0000005004250354
0.0119999999999999 0.0000004963174536
0.0230000000000000 0.0000004884114837
0.0339999999999999 0.0000004767925726
0.0450000000000000 0.0000004615722840
0.0559999999999999 0.0000004428874139
0.0670000000000001 0.0000004208989677
0.0780000000000000 0.0000003957910062
0.0889999999999999 0.0000003677693635
0.1000000000000000 0.0000003370602446
0.1109999999999999 0.0000003039087086
0.1220000000000000 0.0000002685770436
0.1329999999999999 0.0000002313430424
0.1440000000000000 0.0000001924981860
0.1549999999999999 0.0000001523457395
0.1660000000000000 0.0000001111987751
0.1769999999999999 0.0000000693781231
0.1879999999999998 0.0000000272102661
0.1990000000000000 0.0000000149748193
0.2099999999999999 0.0000000568458575
0.2210000000000000 0.0000000980725109
0.2319999999999999 0.0000001383276291
0.2430000000000000 0.0000001772895136
0.2539999999999999 0.0000002146441838
0.2650000000000000 0.0000002500876329
0.2759999999999999 0.0000002833280666
0.2870000000000000 0.0000003140881093
0.2979999999999999 0.0000003421069682
0.3089999999999998 0.0000003671425462
0.3200000000000000 0.0000003889734886
0.3309999999999998 0.0000004074011538
0.3420000000000000 0.0000004222514943
0.3529999999999999 0.0000004333768402
0.3640000000000000 0.0000004406575662
0.3749999999999999 0.0000004440036352
0.3860000000000000 0.0000004433560038
0.3969999999999999 0.0000004386878764
0.4080000000000000 0.0000004300057964
0.4189999999999999 0.0000004173505581
0.4299999999999998 0.0000004007979325
0.4409999999999999 0.0000003804591851
0.4519999999999998 0.0000003564813793
0.4630000000000000 0.0000003290474487
0.4739999999999999 0.0000002983760229
0.4850000000000000 0.0000002647209981
0.4959999999999999 0.0000002283708304
0.5070000000000000 0.0000001896475468
0.5179999999999999 0.0000001489054518
0.5290000000000000 0.0000001065295202
0.5399999999999999 0.0000000629334589
0.5509999999999998 0.0000000185574241
0.5619999999999999 0.0000000261346203
0.5729999999999998 0.0000000706579177
0.5840000000000000 0.0000001145103293
0.5949999999999999 0.0000001571761433
0.6060000000000000 0.0000001981303034
0.6169999999999999 0.0000002368430735
0.6280000000000000 0.0000002727851530
0.6389999999999999 0.0000003054332556
0.6500000000000000 0.0000003342761713
0.6609999999999999 0.0000003588213227
0.6719999999999998 0.0000003786018362
0.6829999999999999 0.0000003931841377
0.6939999999999998 0.0000004021760946
0.7050000000000000 0.0000004052357164
0.7159999999999999 0.0000004020804303
0.7270000000000000 0.0000003924969499
0.7379999999999999 0.0000003763517480
0.7490000000000000 0.0000003536021588
0.7599999999999999 0.0000003243081137
0.7709999999999998 0.0000002886445388
0.7819999999999999 0.0000002469144204
0.7929999999999998 0.0000001995625630
0.8039999999999999 0.0000001471900506
0.8149999999999998 0.0000000905694305
0.8260000000000000 0.0000000306606360
0.8369999999999999 0.0000000313723356
0.8480000000000000 0.0000000941439700
0.8589999999999999 0.0000001560290082
0.8700000000000000 0.0000002151434006
0.8809999999999999 0.0000002693244422
0.8919999999999998 0.0000003161100675
0.9029999999999999 0.0000003527172925
0.9139999999999998 0.0000003760197817
0.9249999999999999 0.0000003825245264
0.9359999999999998 0.0000003683476161
0.9470000000000000 0.0000003291890842
0.9579999999999999 0.0000002603068146
0.9690000000000000 0.0000001564894891
0.9799999999999999 0.0000000120285574
0.9910000000000000 0.0000001793107506
