-0.9890000000000000 0.0007140119935263
-0.9780000000000000 0.0005715556404330
-0.9670000000000000 0.0004384388447310
-0.9560000000000000 0.0003143035512716
-0.9450000000000000 0.0001988013950343
-0.9339999999999999 0.0000915934686798
-0.9230000000000000 0.0000076498454276
-0.9120000000000000 0.0000992395390560
-0.9010000000000000 0.0001834831830163
-0.8900000000000000 0.0002606876128140
-0.8790000000000000 0.0003311507939007
-0.8680000000000000 0.0003951620679869
-0.8570000000000000 0.0004530023906782
-0.8460000000000000 0.0005049445607973
-0.8350000000000000 0.0005512534417392
-0.8240000000000001 0.0005921861751941
-0.8129999999999999 0.0006279923875532
-0.8020000000000000 0.0006589143892967
-0.7910000000000000 0.0006851873676554
-0.7800000000000000 0.0007070395728136
-0.7690000000000000 0.0007246924979220
-0.7580000000000000 0.0007383610531619
-0.7470000000000000 0.0007482537341031
-0.7360000000000000 0.0007545727845821
-0.7250000000000000 0.0007575143543143
-0.7140000000000000 0.0007572686514495
-0.7030000000000001 0.0007540200902685
-0.6919999999999999 0.0007479474342057
-0.6810000000000000 0.0007392239343827
-0.6699999999999999 0.0007280174638234
-0.6590000000000000 0.0007144906475132
-0.6480000000000000 0.0006988009884638
-0.6370000000000000 0.0006811009899315
-0.6260000000000000 0.0006615382739343
-0.6150000000000000 0.0006402556962038
-0.6040000000000001 0.0006173914577099
-0.5930000000000000 0.0005930792128760
-0.5820000000000001 0.0005674481746124
-0.5710000000000000 0.0005406232162829
-0.5600000000000001 0.0005127249707127
-0.5490000000000000 0.0004838699263468
-0.5380000000000000 0.0004541705206609
-0.5270000000000000 0.0004237352309204
-0.5160000000000000 0.0003926686623843
-0.5050000000000000 0.0003610716340404
-0.4940000000000000 0.0003290412619619
-0.4830000000000000 0.0002966710403656
-0.4720000000000000 0.0002640509204507
-0.4610000000000000 0.0002312673870966
-0.4500000000000001 0.0001984035334908
-0.4390000000000001 0.0001655391337588
-0.4280000000000000 0.0001327507136604
-0.4170000000000000 0.0001001116194225
-0.4060000000000000 0.0000676920847633
-0.3950000000000000 0.0000355592961746
-0.3840000000000000 0.0000037774565153
-0.3730000000000000 0.0000275913917220
-0.3620000000000000 0.0000584876915482
-0.3510000000000000 0.0000888559085424
-0.3400000000000001 0.0001186432789088
-0.3290000000000001 0.0001477997378643
-0.3180000000000001 0.0001762778636956
-0.3070000000000001 0.0002040328231825
-0.2960000000000000 0.0002310223183500
-0.2850000000000000 0.0002572065345146
-0.2740000000000000 0.0002825480895942
-0.2630000000000000 0.0003070119846464
-0.2520000000000000 0.0003305655556022
-0.2410000000000000 0.0003531784261703
-0.2300000000000000 0.0003748224618746
-0.2190000000000001 0.0003954717251990
-0.2080000000000001 0.0004151024318128
-0.1970000000000001 0.0004336929078444
-0.1860000000000001 0.0004512235481786
-0.1750000000000000 0.0004676767757529
-0.1640000000000000 0.0004830370018228
-0.1530000000000000 0.0004972905871737
-0.1420000000000000 0.0005104258042549
-0.1310000000000000 0.0005224328002108
-0.1200000000000000 0.0005333035607858
-0.1090000000000001 0.0005430318750833
-0.0980000000000001 0.0005516133011506
-0.0870000000000001 0.0005590451323751
-0.0760000000000001 0.0005653263646659
-0.0650000000000001 0.0005704576644016
-0.0540000000000000 0.0005744413371268
-0.0430000000000000 0.0005772812969717
-0.0320000000000000 0.0005789830367841
-0.0210000000000000 0.0005795535989486
-0.0100000000000000 0.0005790015468769
0.0010000000000000 0.0005773369371534
0.0119999999999999 0.0005745712923159
0.0230000000000000 0.0005707175742583
0.0339999999999999 0.0005657901582346
0.0450000000000000 0.0005598048074525
0.0559999999999999 0.0005527786482373
0.0670000000000001 0.0005447301457544
0.0780000000000000 0.0005356790802718
0.0889999999999999 0.0005256465239532
0.1000000000000000 0.0005146548181620
0.1109999999999999 0.0005027275512661
0.1220000000000000 0.0004898895369302
0.1329999999999999 0.0004761667928789
0.1440000000000000 0.0004615865201226
0.1549999999999999 0.0004461770826310
0.1660000000000000 0.0004299679874411
0.1769999999999999 0.0004129898651909
0.1879999999999998 0.0003952744510651
0.1990000000000000 0.0003768545661407
0.2099999999999999 0.0003577640991237
0.2210000000000000 0.0003380379884656
0.2319999999999999 0.0003177122048465
0.2430000000000000 0.0002968237340187
0.2539999999999999 0.0002754105599969
0.2650000000000000 0.0002535116485883
0.2759999999999999 0.0002311669312511
0.2870000000000000 0.0002084172892709
0.2979999999999999 0.0001853045382513
0.3089999999999998 0.0001618714129012
0.3200000000000000 0.0001381615521189
0.3309999999999998 0.0001142194843578
0.3420000000000000 0.0000900906132685
0.3529999999999999 0.0000658212036093
0.3640000000000000 0.0000414583674163
0.3749999999999999 0.0000170500504234
0.3860000000000000 0.0000073549271741
0.3969999999999999 0.0000317061489839
0.4080000000000000 0.0000559529699774
0.4189999999999999 0.0000800442639253
0.4299999999999998 0.0001039281451700
0.4409999999999999 0.0001275519808392
0.4519999999999998 0.0001508624027945
0.4630000000000000 0.0001738053193186
0.4739999999999999 0.0001963259265458
0.4850000000000000 0.0002183687196382
0.4959999999999999 0.0002398775037133
0.5070000000000000 0.0002607954045229
0.5179999999999999 0.0002810648788919
0.5290000000000000 0.0003006277249146
0.5399999999999999 0.0003194250919157
0.5509999999999998 0.0003373974901767
0.5619999999999999 0.0003544848004343
0.5729999999999998 0.0003706262831466
0.5840000000000000 0.0003857605875395
0.5949999999999999 0.0003998257604270
0.6060000000000000 0.0004127592548142
0.6169999999999999 0.0004244979382823
0.6280000000000000 0.0004349781011597
0.6389999999999999 0.0004441354644806
0.6500000000000000 0.0004519051877346
0.6609999999999999 0.0004582218764089
0.6719999999999998 0.0004630195893235
0.6829999999999999 0.0004662318457658
0.6939999999999998 0.0004677916324227
0.7050000000000000 0.0004676314101148
0.7159999999999999 0.0004656831203314
0.7270000000000000 0.0004618781915730
0.7379999999999999 0.0004561475454990
0.7490000000000000 0.0004484216028837
0.7599999999999999 0.0004386302893826
0.7709999999999998 0.0004267030411116
0.7819999999999999 0.0004125688100377
0.7929999999999998 0.0003961560691860
0.8039999999999999 0.0003773928176622
0.8149999999999998 0.0003562065854946
0.8260000000000000 0.0003325244382930
0.8369999999999999 0.0003062729817295
0.8480000000000000 0.0002773783658422
0.8589999999999999 0.0002457662891600
0.8700000000000000 0.0002113620026530
0.8809999999999999 0.0001740903135079
0.8919999999999998 0.0001338755887309
0.9029999999999999 0.0000906417585769
0.9139999999999998 0.0000443123198086
0.9249999999999999 0.0000051896342836
0.9359999999999998 0.0000579381885949
0.9470000000000000 0.0001140081199412
0.9579999999999999 0.0001734764908697
0.9690000000000000 0.0002364206781464
0.9799999999999999 0.0003029183649220
0.9910000000000000 0.0003730475329078
