-0.9890000000000000 0.0001326395932641
-0.9780000000000000 0.0002558132986371
-0.9670000000000000 0.0003698951953075
-0.9560000000000000 0.0004752485448645
-0.9450000000000000 0.0005722261077902
-0.9339999999999999 0.0006611704482306
-0.9230000000000000 0.0007424142275685
-0.9120000000000000 0.0008162804872807
-0.9010000000000000 0.0008830829215535
-0.8900000000000000 0.0009431261400931
-0.8790000000000000 0.0009967059215529
-0.8680000000000000 0.0010441094579807
-0.8570000000000000 0.0010856155906637
-0.8460000000000000 0.0011214950377371
-0.8350000000000000 0.0011520106138958
-0.8240000000000001 0.0011774174425467
-0.8129999999999999 0.0011979631607059
-0.8020000000000000 0.0012138881169454
-0.7910000000000000 0.0012254255626705
-0.7800000000000000 0.0012328018369999
-0.7690000000000000 0.0012362365455085
-0.7580000000000000 0.0012359427330772
-0.7470000000000000 0.0012321270510865
-0.7360000000000000 0.0012249899191802
-0.7250000000000000 0.0012147256818080
-0.7140000000000000 0.0012015227597612
-0.7030000000000001 0.0011855637968864
-0.6919999999999999 0.0011670258021740
-0.6810000000000000 0.0011460802873919
-0.6699999999999999 0.0011228934004421
-0.6590000000000000 0.0010976260545976
-0.6480000000000000 0.0010704340537802
-0.6370000000000000 0.0010414682140267
-0.6260000000000000 0.0010108744812847
-0.6150000000000000 0.0009787940456784
-0.6040000000000001 0.0009453634523732
-0.5930000000000000 0.0009107147091626
-0.5820000000000001 0.0008749753909021
-0.5710000000000000 0.0008382687409004
-0.5600000000000001 0.0008007137693802
-0.5490000000000000 0.0007624253491148
-0.5380000000000000 0.0007235143083389
-0.5270000000000000 0.0006840875210333
-0.5160000000000000 0.0006442479946757
-0.5050000000000000 0.0006040949555445
-0.4940000000000000 0.0005637239316639
-0.4830000000000000 0.0005232268334725
-0.4720000000000000 0.0004826920322904
-0.4610000000000000 0.0004422044366632
-0.4500000000000001 0.0004018455666562
-0.4390000000000001 0.0003616936261651
-0.4280000000000000 0.0003218235733127
-0.4170000000000000 0.0002823071889947
-0.4060000000000000 0.0002432131436350
-0.3950000000000000 0.0002046070622138
-0.3840000000000000 0.0001665515876183
-0.3730000000000000 0.0001291064423786
-0.3620000000000000 0.0000923284888355
-0.3510000000000000 0.0000562717877913
-0.3400000000000001 0.0000209876556975
-0.3290000000000001 0.0000134750980028
-0.3180000000000001 0.0000470688088102
-0.3070000000000001 0.0000797498056550
-0.2960000000000000 0.0001114773932651
-0.2850000000000000 0.0001422133595908
-0.2740000000000000 0.0001719219249902
-0.2630000000000000 0.0002005696926523
-0.2520000000000000 0.0002281256002295
-0.2410000000000000 0.0002545608726425
-0.2300000000000000 0.0002798489760321
-0.2190000000000001 0.0003039655728251
-0.2080000000000001 0.0003268884778871
-0.1970000000000001 0.0003485976157333
-0.1860000000000001 0.0003690749787681
-0.1750000000000000 0.0003883045865333
-0.1640000000000000 0.0004062724459268
-0.1530000000000000 0.0004229665123816
-0.1420000000000000 0.0004383766519661
-0.1310000000000000 0.0004524946043904
-0.1200000000000000 0.0004653139468943
-0.1090000000000001 0.0004768300589875
-0.0980000000000001 0.0004870400880301
-0.0870000000000001 0.0004959429156211
-0.0760000000000001 0.0005035391247811
-0.0650000000000001 0.0005098309679065
-0.0540000000000000 0.0005148223354714
-0.0430000000000000 0.0005185187254639
-0.0320000000000000 0.0005209272135324
-0.0210000000000000 0.0005220564238243
-0.0100000000000000 0.0005219165005025
0.0010000000000000 0.0005205190799159
0.0119999999999999 0.0005178772634116
0.0230000000000000 0.0005140055907684
0.0339999999999999 0.0005089200142387
0.0450000000000000 0.0005026378731782
0.0559999999999999 0.0004951778692523
0.0670000000000001 0.0004865600421997
0.0780000000000000 0.0004768057461419
0.0889999999999999 0.0004659376264220
0.1000000000000000 0.0004539795969572
0.1109999999999999 0.0004409568180963
0.1220000000000000 0.0004268956749612
0.1329999999999999 0.0004118237562669
0.1440000000000000 0.0003957698336007
0.1549999999999999 0.0003787638411517
0.1660000000000000 0.0003608368558774
0.1769999999999999 0.0003420210780958
0.1879999999999998 0.0003223498124890
0.1990000000000000 0.0003018574495110
0.2099999999999999 0.0002805794471839
0.2210000000000000 0.0002585523132766
0.2319999999999999 0.0002358135878495
0.2430000000000000 0.0002124018261609
0.2539999999999999 0.0001883565819195
0.2650000000000000 0.0001637183908779
0.2759999999999999 0.0001385287547542
0.2870000000000000 0.0001128301254714
0.2979999999999999 0.0000866658897110
0.3089999999999998 0.0000600803537639
0.3200000000000000 0.0000331187286772
0.3309999999999998 0.0000058271156818
0.3420000000000000 0.0000217470351579
0.3529999999999999 0.0000495548478872
0.3640000000000000 0.0000775475699228
0.3749999999999999 0.0001056756588971
0.3860000000000000 0.0001338887623637
0.3969999999999999 0.0001621357311711
0.4080000000000000 0.0001903646325554
0.4189999999999999 0.0002185227629518
0.4299999999999998 0.0002465566605353
0.4409999999999999 0.0002744121174880
0.4519999999999998 0.0003020341920033
0.4630000000000000 0.0003293672200268
0.4739999999999999 0.0003563548267389
0.4850000000000000 0.0003829399377821
0.4959999999999999 0.0004090647902390
0.5070000000000000 0.0004346709433608
0.5179999999999999 0.0004596992890519
0.5290000000000000 0.0004840900621136
0.5399999999999999 0.0005077828502497
0.5509999999999998 0.0005307166038368
0.5619999999999999 0.0005528296454631
0.5729999999999998 0.0005740596792368
0.5840000000000000 0.0005943437998700
0.5949999999999999 0.0006136185015374
0.6060000000000000 0.0006318196865140
0.6169999999999999 0.0006488826735944
0.6280000000000000 0.0006647422062969
0.6389999999999999 0.0006793324608519
0.6500000000000000 0.0006925870539813
0.6609999999999999 0.0007044390504656
0.6719999999999998 0.0007148209705083
0.6829999999999999 0.0007236647968902
0.6939999999999998 0.0007309019819253
0.7050000000000000 0.0007364634542142
0.7159999999999999 0.0007402796251965
0.7270000000000000 0.0007422803955104
0.7379999999999999 0.0007423951611527
0.7490000000000000 0.0007405528194481
0.7599999999999999 0.0007366817748258
0.7709999999999998 0.0007307099444043
0.7819999999999999 0.0007225647633913
0.7929999999999998 0.0007121731902923
0.8039999999999999 0.0006994617119359
0.8149999999999998 0.0006843563483143
0.8260000000000000 0.0006667826572414
0.8369999999999999 0.0006466657388286
0.8480000000000000 0.0006239302397802
0.8589999999999999 0.0005985003575119
0.8700000000000000 0.0005702998440879
0.8809999999999999 0.0005392520099843
0.8919999999999998 0.0005052797276761
0.9029999999999999 0.0004683054350481
0.9139999999999998 0.0004282511386351
0.9249999999999999 0.0003850384166872
0.9359999999999998 0.0003385884220638
0.9470000000000000 0.0002888218849577
0.9579999999999999 0.0002356591154482
0.9690000000000000 0.0001790200058862
0.9799999999999999 0.0001188240331099
0.9910000000000000 0.0000549902604925
