-0.989000 0.003453
-0.978000 0.006889
-0.967000 0.010293
-0.956000 0.013648
-0.945000 0.016937
-0.934000 0.020145
-0.923000 0.023258
-0.912000 0.026259
-0.901000 0.029135
-0.890000 0.031871
-0.879000 0.034456
-0.868000 0.036876
-0.857000 0.039119
-0.846000 0.041177
-0.835000 0.043037
-0.824000 0.044692
-0.813000 0.046134
-0.802000 0.047355
-0.791000 0.048350
-0.780000 0.049114
-0.769000 0.049644
-0.758000 0.049937
-0.747000 0.049991
-0.736000 0.049807
-0.725000 0.049384
-0.714000 0.048726
-0.703000 0.047836
-0.692000 0.046717
-0.681000 0.045374
-0.670000 0.043815
-0.659000 0.042047
-0.648000 0.040078
-0.637000 0.037918
-0.626000 0.035577
-0.615000 0.033066
-0.604000 0.030396
-0.593000 0.027582
-0.582000 0.024636
-0.571000 0.021573
-0.560000 0.018406
-0.549000 0.015152
-0.538000 0.011825
-0.527000 0.008442
-0.516000 0.005018
-0.505000 0.001571
-0.494000 0.001885
-0.483000 0.005331
-0.472000 0.008751
-0.461000 0.012130
-0.450000 0.015451
-0.439000 0.018698
-0.428000 0.021856
-0.417000 0.024909
-0.406000 0.027844
-0.395000 0.030645
-0.384000 0.033301
-0.373000 0.035797
-0.362000 0.038122
-0.351000 0.040265
-0.340000 0.042216
-0.329000 0.043966
-0.318000 0.045505
-0.307000 0.046827
-0.296000 0.047926
-0.285000 0.048796
-0.274000 0.049433
-0.263000 0.049833
-0.252000 0.049996
-0.241000 0.049920
-0.230000 0.049606
-0.219000 0.049055
-0.208000 0.048269
-0.197000 0.047253
-0.186000 0.046012
-0.175000 0.044550
-0.164000 0.042876
-0.153000 0.040998
-0.142000 0.038923
-0.131000 0.036663
-0.120000 0.034227
-0.109000 0.031629
-0.098000 0.028879
-0.087000 0.025991
-0.076000 0.022979
-0.065000 0.019857
-0.054000 0.016641
-0.043000 0.013345
-0.032000 0.009985
-0.021000 0.006578
-0.010000 0.003140
0.001000 0.000314
0.012000 0.003766
0.023000 0.007201
0.034000 0.010600
0.045000 0.013950
0.056000 0.017232
0.067000 0.020432
0.078000 0.023535
0.089000 0.026526
0.100000 0.029389
0.111000 0.032113
0.122000 0.034683
0.133000 0.037087
0.144000 0.039314
0.155000 0.041354
0.166000 0.043196
0.177000 0.044832
0.188000 0.046254
0.199000 0.047455
0.210000 0.048429
0.221000 0.049172
0.232000 0.049681
0.243000 0.049952
0.254000 0.049984
0.265000 0.049778
0.276000 0.049334
0.287000 0.048655
0.298000 0.047743
0.309000 0.046604
0.320000 0.045241
0.331000 0.043663
0.342000 0.041876
0.353000 0.039890
0.364000 0.037713
0.375000 0.035355
0.386000 0.032829
0.397000 0.030146
0.408000 0.027320
0.419000 0.024362
0.430000 0.021289
0.441000 0.018114
0.452000 0.014852
0.463000 0.011519
0.474000 0.008132
0.485000 0.004705
0.496000 0.001257
0.507000 0.002198
0.518000 0.005643
0.529000 0.009060
0.540000 0.012434
0.551000 0.015749
0.562000 0.018989
0.573000 0.022138
0.584000 0.025181
0.595000 0.028104
0.606000 0.030893
0.617000 0.033534
0.628000 0.036015
0.639000 0.038325
0.650000 0.040451
0.661000 0.042384
0.672000 0.044115
0.683000 0.045635
0.694000 0.046937
0.705000 0.048015
0.716000 0.048863
0.727000 0.049479
0.738000 0.049858
0.749000 0.049999
0.760000 0.049901
0.771000 0.049565
0.782000 0.048993
0.793000 0.048186
0.804000 0.047149
0.815000 0.045888
0.826000 0.044407
0.837000 0.042714
0.848000 0.040817
0.859000 0.038725
0.870000 0.036448
0.881000 0.033998
0.892000 0.031385
0.903000 0.028622
0.914000 0.025722
0.925000 0.022700
0.936000 0.019569
0.947000 0.016344
0.958000 0.013042
0.969000 0.009677
0.980000 0.006267
0.991000 0.002826
