-0.9890000000000000 0.0000052055438334
-0.9780000000000000 0.0001257455240571
-0.9670000000000000 0.0000540205325129
-0.9560000000000000 0.0001445409016070
-0.9450000000000000 0.0000485865527559
-0.9339999999999999 0.0000973497250955
-0.9230000000000000 0.0001549880816859
-0.9120000000000000 0.0000913429352858
-0.9010000000000000 0.0000358488378413
-0.8900000000000000 0.0001413591029433
-0.8790000000000000 0.0001672695731106
-0.8680000000000000 0.0001057866188693
-0.8570000000000000 0.0000081039571028
-0.8460000000000000 0.0001204899753358
-0.8350000000000000 0.0001841099968020
-0.8240000000000001 0.0001755624750839
-0.8129999999999999 0.0001003122179633
-0.8020000000000000 0.0000131338847945
-0.7910000000000000 0.0001255189501144
-0.7800000000000000 0.0002004514094467
-0.7690000000000000 0.0002151055705860
-0.7580000000000000 0.0001655518934873
-0.7470000000000000 0.0000662110416426
-0.7360000000000000 0.0000554786232156
-0.7250000000000000 0.0001671233987331
-0.7140000000000000 0.0002398318268716
-0.7030000000000001 0.0002550330575598
-0.6919999999999999 0.0002083059234191
-0.6810000000000000 0.0001097138464384
-0.6699999999999999 0.0000190564321896
-0.6590000000000000 0.0001498396956878
-0.6480000000000000 0.0002541647416701
-0.6370000000000000 0.0003091417832189
-0.6260000000000000 0.0003019456609436
-0.6150000000000000 0.0002321466141196
-0.6040000000000001 0.0001115994019374
-0.5930000000000000 0.0000379411392189
-0.5820000000000001 0.0001889286758331
-0.5710000000000000 0.0003130559087871
-0.5600000000000001 0.0003863054228367
-0.5490000000000000 0.0003931720378477
-0.5380000000000000 0.0003293892806684
-0.5270000000000000 0.0002027634584570
-0.5160000000000000 0.0000320313169809
-0.5050000000000000 0.0001560369928969
-0.4940000000000000 0.0003308118546037
-0.4830000000000000 0.0004626030082258
-0.4720000000000000 0.0005273574464691
-0.4610000000000000 0.0005105612203216
-0.4500000000000001 0.0004097752967414
-0.4390000000000001 0.0002354345082306
-0.4280000000000000 0.0000097821237927
-0.4170000000000000 0.0002359321501972
-0.4060000000000000 0.0004656284409973
-0.3950000000000000 0.0006433998292655
-0.3840000000000000 0.0007386807244187
-0.3730000000000000 0.0007308882558950
-0.3620000000000000 0.0006128999122555
-0.3510000000000000 0.0003928650324077
-0.3400000000000001 0.0000940451375901
-0.3290000000000001 0.0002473841093485
-0.3180000000000001 0.0005863851027680
-0.3070000000000001 0.0008745435257666
-0.2960000000000000 0.0010663697746106
-0.2850000000000000 0.0011256678360568
-0.2740000000000000 0.0010311712166879
-0.2630000000000000 0.0007806828162689
-0.2520000000000000 0.0003930820763833
-0.2410000000000000 0.0000922300961344
-0.2300000000000000 0.0006186066762606
-0.2190000000000001 0.0011179957568868
-0.2080000000000001 0.0015188685164705
-0.1970000000000001 0.0017554497444562
-0.1860000000000001 0.0017772151622506
-0.1750000000000000 0.0015574548844789
-0.1640000000000000 0.0010996550025257
-0.1530000000000000 0.0004405455246738
-0.1420000000000000 0.0003510789055144
-0.1310000000000000 0.0011802326860409
-0.1200000000000000 0.0019361916874938
-0.1090000000000001 0.0025067073571921
-0.0980000000000001 0.0027944177116865
-0.0870000000000001 0.0027332095739377
-0.0760000000000001 0.0023018242632709
-0.0650000000000001 0.0015319283342354
-0.0540000000000000 0.0005083455100228
-0.0430000000000000 0.0006397620490125
-0.0320000000000000 0.0017563444379755
-0.0210000000000000 0.0026822350959621
-0.0100000000000000 0.0032812315909666
0.0010000000000000 0.0034634972306997
0.0119999999999999 0.0032014509506252
0.0230000000000000 0.0025347114139002
0.0339999999999999 0.0015630044992492
0.0450000000000000 0.0004285958150340
0.0559999999999999 0.0007079790479431
0.0670000000000001 0.0016939310978360
0.0780000000000000 0.0024070949859440
0.0889999999999999 0.0027719262674559
0.1000000000000000 0.0027666522612375
0.1109999999999999 0.0024214846042517
0.1220000000000000 0.0018093487592395
0.1329999999999999 0.0010315660430378
0.1440000000000000 0.0002012904619486
0.1549999999999999 0.0005726518669524
0.1660000000000000 0.0011993874772025
0.1769999999999999 0.0016156545615346
0.1879999999999998 0.0017908127630093
0.1990000000000000 0.0017272044162208
0.2099999999999999 0.0014564242158217
0.2210000000000000 0.0010324503621775
0.2319999999999999 0.0005228180893913
0.2430000000000000 0.0000009150167244
0.2539999999999999 0.0004722333490444
0.2650000000000000 0.0008372617452267
0.2759999999999999 0.0010601663918853
0.2870000000000000 0.0011259375627260
0.2979999999999999 0.0010404584287582
0.3089999999999998 0.0008280711526369
0.3200000000000000 0.0005271127976485
0.3309999999999998 0.0001840870722595
0.3420000000000000 0.0001527514600665
0.3529999999999999 0.0004396032259358
0.3640000000000000 0.0006423892011953
0.3749999999999999 0.0007404907733630
0.3860000000000000 0.0007285835342590
0.3969999999999999 0.0006164262437230
0.4080000000000000 0.0004267172476305
0.4189999999999999 0.0001913629891271
0.4299999999999998 0.0000533093047291
0.4409999999999999 0.0002717417023340
0.4519999999999998 0.0004340452814461
0.4630000000000000 0.0005199626679743
0.4739999999999999 0.0005213748796306
0.4850000000000000 0.0004430298977212
0.4959999999999999 0.0003014109488627
0.5070000000000000 0.0001219180949838
0.5179999999999999 0.0000652255011662
0.5290000000000000 0.0002297437794091
0.5399999999999999 0.0003460462178649
0.5509999999999998 0.0003972142692274
0.5619999999999999 0.0003776083294245
0.5729999999999998 0.0002936586975673
0.5840000000000000 0.0001626718402643
0.5949999999999999 0.0000097936606550
0.6060000000000000 0.0001364198962174
0.6169999999999999 0.0002491165945901
0.6280000000000000 0.0003080770687109
0.6389999999999999 0.0003035641726160
0.6500000000000000 0.0002383252223015
0.6609999999999999 0.0001272587073598
0.6719999999999998 0.0000053432822029
0.6829999999999999 0.0001306017418044
0.6939999999999998 0.0002210817243830
0.7050000000000000 0.0002568776519728
0.7159999999999999 0.0002304300931320
0.7270000000000000 0.0001488590475891
0.7379999999999999 0.0000329942161888
0.7490000000000000 0.0000870606395157
0.7599999999999999 0.0001791678741393
0.7709999999999998 0.0002177085598242
0.7819999999999999 0.0001913228914680
0.7929999999999998 0.0001075060912761
0.8039999999999999 0.0000078712038532
0.8149999999999998 0.0001169625432618
0.8260000000000000 0.0001814166952891
0.8369999999999999 0.0001761094318023
0.8480000000000000 0.0001006452065508
0.8589999999999999 0.0000165173454723
0.8700000000000000 0.0001253193163669
0.8809999999999999 0.0001732942887821
0.8919999999999998 0.0001317666943222
0.9029999999999999 0.0000178720724072
0.9139999999999998 0.0001027362639349
0.9249999999999999 0.0001449420586596
0.9359999999999998 0.0000632057002587
0.9470000000000000 0.0000888727648008
0.9579999999999999 0.0001609960165624
0.9690000000000000 0.0000402628502444
0.9799999999999999 0.0001113355257981
0.9910000000000000 0.0000867828780123
