-0.9890000000000000 1025228369541.3325195312500000
-0.9780000000000000 624733407229.9863281250000000
-0.9670000000000000 379294266105.9460449218750000
-0.9560000000000000 229434026076.7176818847656250
-0.9450000000000000 138276619661.3559265136718750
-0.9339999999999999 83033729776.4483947753906250
-0.9230000000000000 49679328802.6384582519531250
-0.9120000000000000 29614882008.9453697204589844
-0.9010000000000000 17589537123.6646804809570312
-0.8900000000000000 10408909569.3735313415527344
-0.8790000000000000 6137024851.1630334854125977
-0.8680000000000000 3605000830.3011140823364258
-0.8570000000000000 2109783770.8134722709655762
-0.8460000000000000 1230105080.9575910568237305
-0.8350000000000000 714497311.8409252166748047
-0.8240000000000001 413419334.3289329409599304
-0.8129999999999999 238278599.0203438997268677
-0.8020000000000000 136788502.6979536116123199
-0.7910000000000000 78206715.0788294076919556
-0.7800000000000000 44526708.9409341961145401
-0.7690000000000000 25242004.2193434983491898
-0.7580000000000000 14245917.5761161129921675
-0.7470000000000000 8002921.9454156430438161
-0.7360000000000000 4474227.0315992673859000
-0.7250000000000000 2488914.6058877692557871
-0.7140000000000000 1377295.6573441717773676
-0.7030000000000001 757990.4928271785611287
-0.6919999999999999 414768.4551561230910011
-0.6810000000000000 225595.7638283308479004
-0.6699999999999999 121929.6941132113715867
-0.6590000000000000 65464.2000727456252207
-0.6480000000000000 34903.5096917905902956
-0.6370000000000000 18473.6573445574358630
-0.6260000000000000 9702.7678252697369317
-0.6150000000000000 5055.1067300705562957
-0.6040000000000001 2611.4526816039920050
-0.5930000000000000 1337.1129803144044672
-0.5820000000000001 678.2593428535891462
-0.5710000000000000 340.6923131499606825
-0.5600000000000001 169.3762600929667599
-0.5490000000000000 83.2983811267100265
-0.5380000000000000 40.5010879964405817
-0.5270000000000000 19.4568558574924282
-0.5160000000000000 9.2290108255398131
-0.5050000000000000 4.3189379008984092
-0.4940000000000000 1.9922823241334584
-0.4830000000000000 0.9049494249806295
-0.4720000000000000 0.4042559550455339
-0.4610000000000000 0.1773301745973588
-0.4500000000000001 0.0762352103728228
-0.4390000000000001 0.0320369045696712
-0.4280000000000000 0.0131135036852925
-0.4170000000000000 0.0052018784035547
-0.4060000000000000 0.0019847884031705
-0.3950000000000000 0.0007196707909240
-0.3840000000000000 0.0002424697378795
-0.3730000000000000 0.0000720980121582
-0.3620000000000000 0.0000160514316564
-0.3510000000000000 0.0000002280243238
-0.3400000000000001 0.0000026590621989
-0.3290000000000001 0.0000021405250967
-0.3180000000000001 0.0000012458516220
-0.3070000000000001 0.0000006839942016
-0.2960000000000000 0.0000004086060366
-0.2850000000000000 0.0000002422645161
-0.2740000000000000 0.0000000999322867
-0.2630000000000000 0.0000000036259428
-0.2520000000000000 0.0000000356063645
-0.2410000000000000 0.0000000074959848
-0.2300000000000000 0.0000000299679063
-0.2190000000000001 0.0000000342898028
-0.2080000000000001 0.0000000054716427
-0.1970000000000001 0.0000000236112353
-0.1860000000000001 0.0000000247747801
-0.1750000000000000 0.0000000009982993
-0.1640000000000000 0.0000000208525514
-0.1530000000000000 0.0000000191894611
-0.1420000000000000 0.0000000018354644
-0.1310000000000000 0.0000000191468350
-0.1200000000000000 0.0000000154257860
-0.1090000000000001 0.0000000040253264
-0.0980000000000001 0.0000000182091474
-0.0870000000000001 0.0000000126928775
-0.0760000000000001 0.0000000059473156
-0.0650000000000001 0.0000000177467846
-0.0540000000000000 0.0000000104825186
-0.0430000000000000 0.0000000077752270
-0.0320000000000000 0.0000000175116258
-0.0210000000000000 0.0000000084791948
-0.0100000000000000 0.0000000095610011
0.0010000000000000 0.0000000173190221
0.0119999999999999 0.0000000065140850
0.0230000000000000 0.0000000113191315
0.0339999999999999 0.0000000170982675
0.0450000000000000 0.0000000045207459
0.0559999999999999 0.0000000131186644
0.0670000000000001 0.0000000169136244
0.0780000000000000 0.0000000024573185
0.0889999999999999 0.0000000151484639
0.1000000000000000 0.0000000169236556
0.1109999999999999 0.0000000002145298
0.1220000000000000 0.0000000177439381
0.1329999999999999 0.0000000173182143
0.1440000000000000 0.0000000024657708
0.1549999999999999 0.0000000214214159
0.1660000000000000 0.0000000182849200
0.1769999999999999 0.0000000060881017
0.1879999999999998 0.0000000269877761
0.1990000000000000 0.0000000200087256
0.2099999999999999 0.0000000115980880
0.2210000000000000 0.0000000357976837
0.2319999999999999 0.0000000226649244
0.2430000000000000 0.0000000208297703
0.2539999999999999 0.0000000503020491
0.2650000000000000 0.0000000263564262
0.2759999999999999 0.0000000374867306
0.2870000000000000 0.0000000751147665
0.2979999999999999 0.0000000306687306
0.3089999999999998 0.0000000697285171
0.3200000000000000 0.0000001198075619
0.3309999999999998 0.0000000341405186
0.3420000000000000 0.0000001350070351
0.3529999999999999 0.0000002026477448
0.3640000000000000 0.0000000274819456
0.3749999999999999 0.0000002805711250
0.3860000000000000 0.0000003724804190
0.3969999999999999 0.0000000039484963
0.4080000000000000 0.0000006018063577
0.4189999999999999 0.0000007036601174
0.4299999999999998 0.0000001784050311
0.4409999999999999 0.0000014449470365
0.4519999999999998 0.0000014915277335
0.4630000000000000 0.0000007273730009
0.4739999999999999 0.0000036799318483
0.4850000000000000 0.0000034929413662
0.4959999999999999 0.0000018962351306
0.5070000000000000 0.0000083210185633
0.5179999999999999 0.0000042423919739
0.5290000000000000 0.0000146881681752
0.5399999999999999 0.0000378935308438
0.5509999999999998 0.0000386554383244
0.5619999999999999 0.0000029652235876
0.5729999999999998 0.0000136628319296
0.5840000000000000 0.0000633390189105
0.5949999999999999 0.0003079056919622
0.6060000000000000 0.0006872784163500
0.6169999999999999 0.0005834023162511
0.6280000000000000 0.0002451586624360
0.6389999999999999 0.0008828738450211
0.6500000000000000 0.0034319963959427
0.6609999999999999 0.0059087115436571
0.6719999999999998 0.0113755047370364
0.6829999999999999 0.0168963356972694
0.6939999999999998 0.0035064258451258
0.7050000000000000 0.0310038140366478
0.7159999999999999 0.0648943996216972
0.7270000000000000 0.2211738066888279
0.7379999999999999 0.2109773560101249
0.7490000000000000 0.3734353052727556
0.7599999999999999 0.5558714966499581
0.7709999999999998 0.2465535950049169
0.7819999999999999 3.2868810734461542
0.7929999999999998 8.0323341684217056
0.8039999999999999 5.7435003130124613
0.8149999999999998 4.2877489392629489
0.8260000000000000 22.5258845514662625
0.8369999999999999 11.4045451789098777
0.8480000000000000 183.2986289282988253
0.8589999999999999 500.2954711081601999
0.8700000000000000 353.7134083594804679
0.8809999999999999 1216.0665781949289794
0.8919999999999998 6760.9923122214158866
0.9029999999999999 2051.0406677334308370
0.9139999999999998 38280.8813308123935713
0.9249999999999999 110589.6886869545123773
0.9359999999999998 26843.8985396626267175
0.9470000000000000 878495.5292532673338428
0.9579999999999999 2796372.3247948689386249
0.9690000000000000 844744.4403886731015518
0.9799999999999999 38818181.3371355384588242
0.9910000000000000 135902815.0797334611415863
