-0.9890000000000000 674.6508579814983477
-0.9780000000000000 634.7362921449613395
-0.9670000000000000 408.5212372336959561
-0.9560000000000000 199.8966789045904306
-0.9450000000000000 63.3228009220021235
-0.9339999999999999 6.2296263424344982
-0.9230000000000000 30.6224155343526832
-0.9120000000000000 30.8658908031262165
-0.9010000000000000 21.6811609698613950
-0.8900000000000000 11.3876958595995603
-0.8790000000000000 3.5954420741368889
-0.8680000000000000 0.9117690506328735
-0.8570000000000000 2.7060153161334948
-0.8460000000000000 2.7747400347789730
-0.8350000000000000 2.0248747346453353
-0.8240000000000001 1.0915461214080102
-0.8129999999999999 0.3222798660227991
-0.8020000000000000 0.1585613374333862
-0.7910000000000000 0.3648680858486090
-0.7800000000000000 0.3746479372062902
-0.7690000000000000 0.2784439447328673
-0.7580000000000000 0.1507028739110318
-0.7470000000000000 0.0391172387560858
-0.7360000000000000 0.0345143151918333
-0.7250000000000000 0.0676993181327755
-0.7140000000000000 0.0691623202160009
-0.7030000000000001 0.0517891100890932
-0.6919999999999999 0.0277273709254947
-0.6810000000000000 0.0057841912046708
-0.6699999999999999 0.0092985853428054
-0.6590000000000000 0.0163307097336205
-0.6480000000000000 0.0165523260423358
-0.6370000000000000 0.0124012434297444
-0.6260000000000000 0.0064851022407493
-0.6150000000000000 0.0009046211778975
-0.6040000000000001 0.0030573394055509
-0.5930000000000000 0.0049489135826058
-0.5820000000000001 0.0049697988991748
-0.5710000000000000 0.0037065322069978
-0.5600000000000001 0.0018694610839603
-0.5490000000000000 0.0000878945506949
-0.5380000000000000 0.0012112878573691
-0.5270000000000000 0.0018419705213162
-0.5160000000000000 0.0018316066030463
-0.5050000000000000 0.0013541553101790
-0.4940000000000000 0.0006493049195101
-0.4830000000000000 0.0000507159769841
-0.4720000000000000 0.0005730830843979
-0.4610000000000000 0.0008295873444322
-0.4500000000000001 0.0008166135968874
-0.4390000000000001 0.0005962076673674
-0.4280000000000000 0.0002668730181813
-0.4170000000000000 0.0000672296304098
-0.4060000000000000 0.0003216947207825
-0.3950000000000000 0.0004475863293190
-0.3840000000000000 0.0004360728045565
-0.3730000000000000 0.0003131727719407
-0.3620000000000000 0.0001276132814983
-0.3510000000000000 0.0000643373223653
-0.3400000000000001 0.0002132620997974
-0.3290000000000001 0.0002872176831111
-0.3180000000000001 0.0002768519898492
-0.3070000000000001 0.0001946898988838
-0.2960000000000000 0.0000695219129205
-0.2850000000000000 0.0000622675685194
-0.2740000000000000 0.0001661762483347
-0.2630000000000000 0.0002176893061475
-0.2520000000000000 0.0002073480149695
-0.2410000000000000 0.0001419104695894
-0.2300000000000000 0.0000416363838379
-0.2190000000000001 0.0000654424851013
-0.2080000000000001 0.0001508030705212
-0.1970000000000001 0.0001925296483667
-0.1860000000000001 0.0001805975070955
-0.1750000000000000 0.0001191496100400
-0.1640000000000000 0.0000252639358286
-0.1530000000000000 0.0000754902646374
-0.1420000000000000 0.0001556596137237
-0.1310000000000000 0.0001930904918120
-0.1200000000000000 0.0001769030901210
-0.1090000000000001 0.0001106792404588
-0.0980000000000001 0.0000118990986835
-0.0870000000000001 0.0000924270795039
-0.0760000000000001 0.0001729669004527
-0.0650000000000001 0.0002062788136634
-0.0540000000000000 0.0001817445844220
-0.0430000000000000 0.0001051065522238
-0.0320000000000000 0.0000026639050567
-0.0210000000000000 0.0001110976407860
-0.0100000000000000 0.0001890280945421
0.0010000000000000 0.0002138465638679
0.0119999999999999 0.0001783227364789
0.0230000000000000 0.0000928014350825
0.0339999999999999 0.0000179381929121
0.0450000000000000 0.0001221417611366
0.0559999999999999 0.0001904720471819
0.0670000000000001 0.0002044227852538
0.0780000000000000 0.0001612867148496
0.0889999999999999 0.0000743997374661
0.1000000000000000 0.0000311413299630
0.1109999999999999 0.0001258155327442
0.1220000000000000 0.0001838722328342
0.1329999999999999 0.0001901378257733
0.1440000000000000 0.0001437344756663
0.1549999999999999 0.0000579279324934
0.1660000000000000 0.0000436614146541
0.1769999999999999 0.0001333816108261
0.1879999999999998 0.0001867604296498
0.1990000000000000 0.0001888252905511
0.2099999999999999 0.0001380210613602
0.2210000000000000 0.0000468030971262
0.2319999999999999 0.0000612460971315
0.2430000000000000 0.0001571361117991
0.2539999999999999 0.0002137296779365
0.2650000000000000 0.0002128672756481
0.2759999999999999 0.0001506438269852
0.2870000000000000 0.0000394612110013
0.2979999999999999 0.0000938671116763
0.3089999999999998 0.0002138274679972
0.3200000000000000 0.0002847041617782
0.3309999999999998 0.0002800797316546
0.3420000000000000 0.0001911125959084
0.3529999999999999 0.0000313742143997
0.3640000000000000 0.0001634606188770
0.3749999999999999 0.0003417974823886
0.3860000000000000 0.0004475997396629
0.3969999999999999 0.0004351763570216
0.4080000000000000 0.0002840947342289
0.4189999999999999 0.0000103452269668
0.4299999999999998 0.0003300204546068
0.4409999999999999 0.0006475167877333
0.4519999999999998 0.0008368890749601
0.4630000000000000 0.0008039118665268
0.4739999999999999 0.0004964855756430
0.4850000000000000 0.0000673564464162
0.4959999999999999 0.0007833458163136
0.5070000000000000 0.0014651835029147
0.5179999999999999 0.0018746795443333
0.5290000000000000 0.0017782001857153
0.5399999999999999 0.0010224949443883
0.5509999999999998 0.0003852414570708
0.5619999999999999 0.0022155380880536
0.5729999999999998 0.0039995834654305
0.5840000000000000 0.0050817360830175
0.5949999999999999 0.0047567077443453
0.6060000000000000 0.0024877386001730
0.6169999999999999 0.0018249149581862
0.6280000000000000 0.0075874987947571
0.6389999999999999 0.0133600504722680
0.6500000000000000 0.0169164036029709
0.6609999999999999 0.0156183522509041
0.6719999999999998 0.0071605500826031
0.6829999999999999 0.0093489450213521
0.6939999999999998 0.0321473062334159
0.7050000000000000 0.0557643561108794
0.7159999999999999 0.0706846598202204
0.7270000000000000 0.0643687898073438
0.7379999999999999 0.0242535152328163
0.7490000000000000 0.0569234998011437
0.7599999999999999 0.1737605296216986
0.7709999999999998 0.3001397275292840
0.7819999999999999 0.3833155655710120
0.7929999999999998 0.3446806758356471
0.8039999999999999 0.0932176188487907
0.8149999999999998 0.4419728378091839
0.8260000000000000 1.2557194213493603
0.8369999999999999 2.1893565414638743
0.8480000000000000 2.8464972690777173
0.8589999999999999 2.5377640295916613
0.8700000000000000 0.3203150148361846
0.8809999999999999 4.7658883406858852
0.8919999999999998 13.1313831910258063
0.9029999999999999 23.6033456205447685
0.9139999999999998 31.8621637317208730
0.9249999999999999 28.5269568476541977
0.9359999999999998 2.3696027023516884
0.9470000000000000 82.6379715799882177
0.9579999999999999 232.9137413855185059
0.9690000000000000 451.6004378991530643
0.9799999999999999 665.6345577142253660
0.9910000000000000 628.4660642679688181
