-0.9890000000000000 23.4900386838268815
-0.9780000000000000 5.7635016974399882
-0.9670000000000000 0.0404850689843352
-0.9560000000000000 1.1591704160014473
-0.9450000000000000 0.6284018974896717
-0.9339999999999999 0.4556735832077070
-0.9230000000000000 0.7077921993909506
-0.9120000000000000 0.2817781544640427
-0.9010000000000000 0.0421864287526935
-0.8900000000000000 0.1719060544900943
-0.8790000000000000 0.0791366970992245
-0.8680000000000000 0.0155359580876481
-0.8570000000000000 0.0022395543154920
-0.8460000000000000 0.0153009461546046
-0.8350000000000000 0.0102956375948978
-0.8240000000000001 0.0057540743504901
-0.8129999999999999 0.0022011700813516
-0.8020000000000000 0.0046039926990275
-0.7910000000000000 0.0035643443955740
-0.7800000000000000 0.0023993810714944
-0.7690000000000000 0.0020017651631916
-0.7580000000000000 0.0013902193634028
-0.7470000000000000 0.0008354116102460
-0.7360000000000000 0.0006690150282670
-0.7250000000000000 0.0004204771168584
-0.7140000000000000 0.0003198232429708
-0.7030000000000001 0.0002212315978007
-0.6919999999999999 0.0001379225262378
-0.6810000000000000 0.0000990601135007
-0.6699999999999999 0.0000647839508631
-0.6590000000000000 0.0000455170826603
-0.6480000000000000 0.0000292774851763
-0.6370000000000000 0.0000198465403175
-0.6260000000000000 0.0000128639308107
-0.6150000000000000 0.0000085870875570
-0.6040000000000001 0.0000063279398645
-0.5930000000000000 0.0000044265112535
-0.5820000000000001 0.0000028852634817
-0.5710000000000000 0.0000014325172702
-0.5600000000000001 0.0000004702170319
-0.5490000000000000 0.0000001026744981
-0.5380000000000000 0.0000003085647753
-0.5270000000000000 0.0000007355714321
-0.5160000000000000 0.0000009756979807
-0.5050000000000000 0.0000007644633458
-0.4940000000000000 0.0000001525598430
-0.4830000000000000 0.0000005291286360
-0.4720000000000000 0.0000008780788475
-0.4610000000000000 0.0000006721313552
-0.4500000000000001 0.0000000133238424
-0.4390000000000001 0.0000007185958786
-0.4280000000000000 0.0000010813005165
-0.4170000000000000 0.0000008288131639
-0.4060000000000000 0.0000000644559123
-0.3950000000000000 0.0000008021231101
-0.3840000000000000 0.0000012751092384
-0.3730000000000000 0.0000010510099711
-0.3620000000000000 0.0000002018748251
-0.3510000000000000 0.0000008420677868
-0.3400000000000001 0.0000015092076286
-0.3290000000000001 0.0000013933911436
-0.3180000000000001 0.0000004887460222
-0.3070000000000001 0.0000007779197134
-0.2960000000000000 0.0000017459600271
-0.2850000000000000 0.0000018589864836
-0.2740000000000000 0.0000009719735698
-0.2630000000000000 0.0000005366460568
-0.2520000000000000 0.0000019206175587
-0.2410000000000000 0.0000024278824930
-0.2300000000000000 0.0000016965413014
-0.2190000000000001 0.0000000181361890
-0.2080000000000001 0.0000019176968223
-0.1970000000000001 0.0000030239269451
-0.1860000000000001 0.0000026706284174
-0.1750000000000000 0.0000008821277168
-0.1640000000000000 0.0000015679342656
-0.1530000000000000 0.0000034800561455
-0.1420000000000000 0.0000038066222972
-0.1310000000000000 0.0000022111660957
-0.1200000000000000 0.0000006834595713
-0.1090000000000001 0.0000035206574536
-0.0980000000000001 0.0000048418561709
-0.0870000000000001 0.0000038350882041
-0.0760000000000001 0.0000008167628049
-0.0650000000000001 0.0000028360628624
-0.0540000000000000 0.0000053191550085
-0.0430000000000000 0.0000053108810849
-0.0320000000000000 0.0000026907788945
-0.0210000000000000 0.0000013348346498
-0.0100000000000000 0.0000048040465389
0.0010000000000000 0.0000059919463163
0.0119999999999999 0.0000043033968542
0.0230000000000000 0.0000005837512829
0.0339999999999999 0.0000033221356848
0.0450000000000000 0.0000055220686801
0.0559999999999999 0.0000050273336600
0.0670000000000001 0.0000022070975360
0.0780000000000000 0.0000014637391580
0.0889999999999999 0.0000041932642530
0.1000000000000000 0.0000047645021507
0.1109999999999999 0.0000030793415443
0.1220000000000000 0.0000001158716736
0.1329999999999999 0.0000026285599312
0.1440000000000000 0.0000038928959289
0.1549999999999999 0.0000032263814586
0.1660000000000000 0.0000011256582164
0.1769999999999999 0.0000012877003941
0.1879999999999998 0.0000028530445412
0.1990000000000000 0.0000029195137811
0.2099999999999999 0.0000016039779464
0.2210000000000000 0.0000003358583672
0.2319999999999999 0.0000019185956844
0.2430000000000000 0.0000024245791995
0.2539999999999999 0.0000017148013857
0.2650000000000000 0.0000002462567464
0.2759999999999999 0.0000011989903819
0.2870000000000000 0.0000019192342615
0.2979999999999999 0.0000016281843919
0.3089999999999998 0.0000005629459632
0.3200000000000000 0.0000006711542893
0.3309999999999998 0.0000014230251026
0.3420000000000000 0.0000013090150000
0.3529999999999999 0.0000003438496324
0.3640000000000000 0.0000012106892362
0.3749999999999999 0.0000032974790524
0.3860000000000000 0.0000068343614297
0.3969999999999999 0.0000150105144934
0.4080000000000000 0.0000358309338606
0.4189999999999999 0.0000877033527254
0.4299999999999998 0.0002119762140373
0.4409999999999999 0.0005005257050647
0.4519999999999998 0.0011548718055132
0.4630000000000000 0.0026100420031132
0.4739999999999999 0.0057894623001805
0.4850000000000000 0.0126215287773505
0.4959999999999999 0.0270720426950297
0.5070000000000000 0.0571806516624375
0.5179999999999999 0.1190271768260169
0.5290000000000000 0.2443636994617333
0.5399999999999999 0.4951310901179378
0.5509999999999998 0.9907660019677773
0.5619999999999999 1.9590266081790211
0.5729999999999998 3.8296379906976212
0.5840000000000000 7.4051588706300473
0.5949999999999999 14.1698408235233586
0.6060000000000000 26.8429083187315030
0.6169999999999999 50.3611059573587241
0.6280000000000000 93.6089783086961376
0.6389999999999999 172.4413114726884544
0.6500000000000000 314.9214877927194038
0.6609999999999999 570.3317211830305951
0.6719999999999998 1024.5576325587733209
0.6829999999999999 1826.1702338528166365
0.6939999999999998 3230.3389271987830398
0.7050000000000000 5672.2714245748329631
0.7159999999999999 9889.2361277197869640
0.7270000000000000 17122.0252510719619750
0.7379999999999999 29445.5327862466619990
0.7490000000000000 50307.9542630631040083
0.7599999999999999 85405.1394383972510695
0.7709999999999998 144090.3858671843772754
0.7819999999999999 241634.9968111869238783
0.7929999999999998 402833.4608764513977803
0.8039999999999999 667722.8460755101405084
0.8149999999999998 1100609.6460792315192521
0.8260000000000000 1804245.3571629447396845
0.8369999999999999 2941978.5304527366533875
0.8480000000000000 4772206.0368894981220365
0.8589999999999999 7701701.7145286407321692
0.8700000000000000 12367788.9041665215045214
0.8809999999999999 19764391.0746579393744469
0.8919999999999998 31434545.5373814217746258
0.9029999999999999 49763163.6900000274181366
0.9139999999999998 78420374.3526633679866791
0.9249999999999999 123030146.1488978117704391
0.9359999999999998 192174607.0071318149566650
0.9470000000000000 298896654.0454770922660828
0.9579999999999999 462939432.2618456482887268
0.9690000000000000 714071321.0149897336959839
0.9799999999999999 1097004374.3167524337768555
0.9910000000000000 1678643264.0622484683990479
