-0.9890000000000000 1.2144061654185736
-0.9780000000000000 1.8537404060417535
-0.9670000000000000 2.0926558392744203
-0.9560000000000000 2.0652817771532144
-0.9450000000000000 1.8728003552327304
-0.9339999999999999 1.5898587246921756
-0.9230000000000000 1.2699646809973728
-0.9120000000000000 0.9499981469278866
-0.9010000000000000 0.6539567859988515
-0.8900000000000000 0.3960411054701750
-0.8790000000000000 0.1831726318061646
-0.8680000000000000 0.0170280259677905
-0.8570000000000000 0.1043377244441203
-0.8460000000000000 0.1852147157404417
-0.8350000000000000 0.2312517912512985
-0.8240000000000001 0.2487112945976165
-0.8129999999999999 0.2439222159616782
-0.8020000000000000 0.2228948334343022
-0.7910000000000000 0.1910651380227877
-0.7800000000000000 0.1531419546439721
-0.7690000000000000 0.1130337793329735
-0.7580000000000000 0.0738359889997917
-0.7470000000000000 0.0378622855246430
-0.7360000000000000 0.0067070493339683
-0.7250000000000000 0.0186722651870825
-0.7140000000000000 0.0378614255029964
-0.7030000000000001 0.0508912978206272
-0.6919999999999999 0.0581406141411675
-0.6810000000000000 0.0602435932443738
-0.6699999999999999 0.0580052446509831
-0.6590000000000000 0.0523262374298062
-0.6480000000000000 0.0441384348463354
-0.6370000000000000 0.0343515617479294
-0.6260000000000000 0.0238109663107206
-0.6150000000000000 0.0132660449028099
-0.6040000000000001 0.0033486033525160
-0.5930000000000000 0.0054397838103627
-0.5820000000000001 0.0127324949416975
-0.5710000000000000 0.0182958227245331
-0.5600000000000001 0.0220213646684304
-0.5490000000000000 0.0239140210569346
-0.5380000000000000 0.0240767350152899
-0.5270000000000000 0.0226930399279737
-0.5160000000000000 0.0200083906073865
-0.5050000000000000 0.0163111519589220
-0.4940000000000000 0.0119140072373927
-0.4830000000000000 0.0071364315119042
-0.4720000000000000 0.0022887582016391
-0.4610000000000000 0.0023417495005763
-0.4500000000000001 0.0065025223678258
-0.4390000000000001 0.0099848097864961
-0.4280000000000000 0.0126302090088128
-0.4170000000000000 0.0143345917418860
-0.4060000000000000 0.0150495000937647
-0.3950000000000000 0.0147811529314020
-0.3840000000000000 0.0135872622586360
-0.3730000000000000 0.0115719073205492
-0.3620000000000000 0.0088787520349433
-0.3510000000000000 0.0056829194914522
-0.3400000000000001 0.0021818562670927
-0.3290000000000001 0.0014144700430331
-0.3180000000000001 0.0048936934901726
-0.3070000000000001 0.0080511493097557
-0.2960000000000000 0.0106996156671214
-0.2850000000000000 0.0126783758875745
-0.2740000000000000 0.0138612955926409
-0.2630000000000000 0.0141636275258077
-0.2520000000000000 0.0135472766426969
-0.2410000000000000 0.0120242788301491
-0.2300000000000000 0.0096582685396605
-0.2190000000000001 0.0065637346575449
-0.2080000000000001 0.0029028922874313
-0.1970000000000001 0.0011199653628261
-0.1860000000000001 0.0052667201799489
-0.1750000000000000 0.0092762995319668
-0.1640000000000000 0.0128780695803419
-0.1530000000000000 0.0158075050631509
-0.1420000000000000 0.0178236787097834
-0.1310000000000000 0.0187278364838619
-0.1200000000000000 0.0183819831188838
-0.1090000000000001 0.0167260165766232
-0.0980000000000001 0.0137915695645006
-0.0870000000000001 0.0097104272393620
-0.0760000000000001 0.0047153156098818
-0.0650000000000001 0.0008688610049263
-0.0540000000000000 0.0066444855682062
-0.0430000000000000 0.0121712436217948
-0.0320000000000000 0.0170047885149233
-0.0210000000000000 0.0207402545610476
-0.0100000000000000 0.0230552151642351
0.0010000000000000 0.0237459036652361
0.0119999999999999 0.0227509563056691
0.0230000000000000 0.0201586863610850
0.0339999999999999 0.0161966333066266
0.0450000000000000 0.0112051869095640
0.0559999999999999 0.0055996834957788
0.0670000000000001 0.0001731046768609
0.0780000000000000 0.0056779640878426
0.0889999999999999 0.0105285605160157
0.1000000000000000 0.0144156220666068
0.1109999999999999 0.0171244249941787
0.1220000000000000 0.0185417043060201
0.1329999999999999 0.0186533211109553
0.1440000000000000 0.0175346929882610
0.1549999999999999 0.0153362016752884
0.1660000000000000 0.0122656683171242
0.1769999999999999 0.0085696727201242
0.1879999999999998 0.0045151063206779
0.1990000000000000 0.0003719680601757
0.2099999999999999 0.0036019184530061
0.2210000000000000 0.0071738527057928
0.2319999999999999 0.0101466551748237
0.2430000000000000 0.0123664434573567
0.2539999999999999 0.0137278141582081
0.2650000000000000 0.0141765263184010
0.2759999999999999 0.0137098296767378
0.2870000000000000 0.0123746157129048
0.2979999999999999 0.0102635967573885
0.3089999999999998 0.0075097419830628
0.3200000000000000 0.0042792207646530
0.3309999999999998 0.0007631245104180
0.3420000000000000 0.0028317423531140
0.3529999999999999 0.0062926935378474
0.3640000000000000 0.0094112898464114
0.3749999999999999 0.0119934293295176
0.3860000000000000 0.0138690542996089
0.3969999999999999 0.0149011286804513
0.4080000000000000 0.0149935436476431
0.4189999999999999 0.0140976216210900
0.4299999999999998 0.0122169092857184
0.4409999999999999 0.0094099801883360
0.4519999999999998 0.0057910071803629
0.4630000000000000 0.0015279149627591
0.4739999999999999 0.0031620165465070
0.4850000000000000 0.0080191563785357
0.4959999999999999 0.0127511114614642
0.5070000000000000 0.0170447868718925
0.5179999999999999 0.0205807044526206
0.5290000000000000 0.0230492599148193
0.5399999999999999 0.0241684857533307
0.5509999999999998 0.0237027707497331
0.5619999999999999 0.0214818690768934
0.5729999999999998 0.0174194161373302
0.5840000000000000 0.0115300579241858
0.5949999999999999 0.0039442001712383
0.6060000000000000 0.0050807021802968
0.6169999999999999 0.0151534599312895
0.6280000000000000 0.0257482520188188
0.6389999999999999 0.0362107023724974
0.6500000000000000 0.0457720796768115
0.6609999999999999 0.0535726781059973
0.6719999999999998 0.0586952846226093
0.6829999999999999 0.0602094124421472
0.6939999999999998 0.0572266681438124
0.7050000000000000 0.0489672077578256
0.7159999999999999 0.0348367097301960
0.7270000000000000 0.0145126332581736
0.7379999999999999 0.0119622791130779
0.7490000000000000 0.0440822753947361
0.7599999999999999 0.0807808365642520
0.7709999999999998 0.1203384656956577
0.7819999999999999 0.1603032284617819
0.7929999999999998 0.1974331436119764
0.8039999999999999 0.2276717128895749
0.8149999999999998 0.2461703992553600
0.8260000000000000 0.2473747441740550
0.8369999999999999 0.2251940955477203
0.8480000000000000 0.1732786366015275
0.8589999999999999 0.0854316043846398
0.8700000000000000 0.0438106909824196
0.8809999999999999 0.2183931410779449
0.8919999999999998 0.4397065864490826
0.9029999999999999 0.7052526225803977
0.9139999999999998 1.0069507253004044
0.9249999999999999 1.3290218370352129
0.9359999999999998 1.6453735777233720
0.9470000000000000 1.9164023402022534
0.9579999999999999 2.0851166272047061
0.9690000000000000 2.0724740095307110
0.9799999999999999 1.7718109517637193
0.9910000000000000 1.0422303780244624
