-0.9890000000000000 0.0023526169228181
-0.9780000000000000 0.0032550365896625
-0.9670000000000000 0.0018982406212794
-0.9560000000000000 0.0001795830126716
-0.9450000000000000 0.0020668054388825
-0.9339999999999999 0.0033002275340099
-0.9230000000000000 0.0037245642598716
-0.9120000000000000 0.0033834664733282
-0.9010000000000000 0.0024367645740232
-0.8900000000000000 0.0010993050917369
-0.8790000000000000 0.0004026302845976
-0.8680000000000000 0.0018607784826794
-0.8570000000000000 0.0031031798636855
-0.8460000000000000 0.0040038089369792
-0.8350000000000000 0.0044856717342912
-0.8240000000000001 0.0045191416988190
-0.8129999999999999 0.0041169983989620
-0.8020000000000000 0.0033273635844300
-0.7910000000000000 0.0022254936901544
-0.7800000000000000 0.0009051837109954
-0.7690000000000000 0.0005296385360809
-0.7580000000000000 0.0019726991200810
-0.7470000000000000 0.0033222444370395
-0.7360000000000000 0.0044867929597008
-0.7250000000000000 0.0053896663013887
-0.7140000000000000 0.0059722656892213
-0.7030000000000001 0.0061961175811410
-0.6919999999999999 0.0060437570913811
-0.6810000000000000 0.0055185517127534
-0.6699999999999999 0.0046435920102974
-0.6590000000000000 0.0034597918550708
-0.6480000000000000 0.0020233495963312
-0.6370000000000000 0.0004027244486584
-0.6260000000000000 0.0013247196899174
-0.6150000000000000 0.0030762568615982
-0.6040000000000001 0.0047673912851451
-0.5930000000000000 0.0063153741506107
-0.5820000000000001 0.0076425335194264
-0.5710000000000000 0.0086793207299064
-0.5600000000000001 0.0093669923088181
-0.5490000000000000 0.0096598623005983
-0.5380000000000000 0.0095270757699779
-0.5270000000000000 0.0089538696918218
-0.5160000000000000 0.0079423022467892
-0.5050000000000000 0.0065114454742574
-0.4940000000000000 0.0046970491216443
-0.4830000000000000 0.0025506952389741
-0.4720000000000000 0.0001384735056137
-0.4610000000000000 0.0024607836167569
-0.4500000000000001 0.0051576590610121
-0.4390000000000001 0.0078546494210056
-0.4280000000000000 0.0104489449923634
-0.4170000000000000 0.0128354294600971
-0.4060000000000000 0.0149098344710954
-0.3950000000000000 0.0165719827634389
-0.3840000000000000 0.0177290528919403
-0.3730000000000000 0.0182987987302624
-0.3620000000000000 0.0182126576582819
-0.3510000000000000 0.0174186824456604
-0.3400000000000001 0.0158842330776879
-0.3290000000000001 0.0135983658679465
-0.3180000000000001 0.0105738578684670
-0.3070000000000001 0.0068488045047457
-0.2960000000000000 0.0024877272029411
-0.2850000000000000 0.0024178747766277
-0.2740000000000000 0.0077495983010288
-0.2630000000000000 0.0133629121623970
-0.2520000000000000 0.0190887185780869
-0.2410000000000000 0.0247357934908828
-0.2300000000000000 0.0300942084820338
-0.2190000000000001 0.0349398455686609
-0.2080000000000001 0.0390401204440908
-0.1970000000000001 0.0421610253210123
-0.1860000000000001 0.0440755829016011
-0.1750000000000000 0.0445737592026934
-0.1640000000000000 0.0434738037090999
-0.1530000000000000 0.0406348576376924
-0.1420000000000000 0.0359704822439989
-0.1310000000000000 0.0294625004165890
-0.1200000000000000 0.0211742178719161
-0.1090000000000001 0.0112617155977032
-0.0980000000000001 0.0000184678450563
-0.0870000000000001 0.0123072308369668
-0.0760000000000001 0.0251484212871004
-0.0650000000000001 0.0380037282485262
-0.0540000000000000 0.0502779509506174
-0.0430000000000000 0.0613543483540246
-0.0320000000000000 0.0706380390225759
-0.0210000000000000 0.0776035346217921
-0.0100000000000000 0.0818409074355252
0.0010000000000000 0.0830943329476961
0.0119999999999999 0.0812872116359655
0.0230000000000000 0.0765298463061326
0.0339999999999999 0.0691084092748419
0.0450000000000000 0.0594570130900620
0.0559999999999999 0.0481173189150932
0.0670000000000001 0.0356916627538485
0.0780000000000000 0.0227959028217775
0.0889999999999999 0.0100172462953105
0.1000000000000000 0.0021193634022103
0.1109999999999999 0.0131746060854624
0.1220000000000000 0.0228078674237485
0.1329999999999999 0.0307812214231897
0.1440000000000000 0.0369561574586088
0.1549999999999999 0.0412851016571838
0.1660000000000000 0.0437996590806603
0.1769999999999999 0.0445971937517337
0.1879999999999998 0.0438269849741448
0.1990000000000000 0.0416768297136839
0.2099999999999999 0.0383606454423591
0.2210000000000000 0.0341073821438234
0.2319999999999999 0.0291513752789201
0.2430000000000000 0.0237241536179962
0.2539999999999999 0.0180476439716175
0.2650000000000000 0.0123286762227968
0.2759999999999999 0.0067546757898990
0.2870000000000000 0.0014904282520188
0.2979999999999999 0.0033241938029338
0.3089999999999998 0.0075756427829171
0.3200000000000000 0.0111773382962825
0.3309999999999998 0.0140696218781625
0.3420000000000000 0.0162190990441401
0.3529999999999999 0.0176174377731470
0.3640000000000000 0.0182796886244900
0.3749999999999999 0.0182421894160470
0.3860000000000000 0.0175601164506462
0.3969999999999999 0.0163047443548219
0.4080000000000000 0.0145604773619687
0.4189999999999999 0.0124217160164925
0.4299999999999998 0.0099896245057263
0.4409999999999999 0.0073688648778172
0.4519999999999998 0.0046643650403389
0.4630000000000000 0.0019781874478038
0.4739999999999999 0.0005934354049143
0.4850000000000000 0.0029628343172710
0.4959999999999999 0.0050533440210262
0.5070000000000000 0.0068013936330654
0.5179999999999999 0.0081581947461340
0.5290000000000000 0.0090909816214830
0.5399999999999999 0.0095837659445759
0.5509999999999998 0.0096375779571111
0.5619999999999999 0.0092701764531360
0.5729999999999998 0.0085152220591761
0.5840000000000000 0.0074209213069186
0.5949999999999999 0.0060481631125100
0.6060000000000000 0.0044681842178551
0.6169999999999999 0.0027598156987664
0.6280000000000000 0.0010063785266662
0.6389999999999999 0.0007076879454466
0.6500000000000000 0.0023003652025625
0.6609999999999999 0.0036956484579908
0.6719999999999998 0.0048270658653950
0.6829999999999999 0.0056409853281671
0.6939999999999998 0.0060995614104961
0.7050000000000000 0.0061831694343981
0.7159999999999999 0.0058921726135349
0.7270000000000000 0.0052478719576593
0.7379999999999999 0.0042924987082449
0.7490000000000000 0.0030881263740453
0.7599999999999999 0.0017144052696950
0.7709999999999998 0.0002650581905062
0.7819999999999999 0.0011568770253112
0.7929999999999998 0.0024450121635336
0.8039999999999999 0.0034966597299097
0.8149999999999998 0.0042207580609815
0.8260000000000000 0.0045463476459141
0.8369999999999999 0.0044311444581375
0.8480000000000000 0.0038696012738499
0.8589999999999999 0.0028996671170433
0.8700000000000000 0.0016072453362845
0.8809999999999999 0.0001271093946061
0.8919999999999998 0.0013612409423211
0.9029999999999999 0.0026446151297273
0.9139999999999998 0.0034962480135384
0.9249999999999999 0.0037075883304235
0.9359999999999998 0.0031348040189959
0.9470000000000000 0.0017635560697290
0.9579999999999999 0.0002038409947890
0.9690000000000000 0.0022341234903709
0.9799999999999999 0.0033161995298613
0.9910000000000000 0.0017754636895033
