-0.9890000000000000 0.0047422274157492
-0.9780000000000000 0.0093963072039118
-0.9670000000000000 0.0139611069308807
-0.9560000000000000 0.0184354341348189
-0.9450000000000000 0.0228180325360899
-0.9339999999999999 0.0271075779714194
-0.9230000000000000 0.0313026740290868
-0.9120000000000000 0.0354018473603940
-0.9010000000000000 0.0394035426403964
-0.8900000000000000 0.0433061171484022
-0.8790000000000000 0.0471078349360212
-0.8680000000000000 0.0508068605475470
-0.8570000000000000 0.0544012522541643
-0.8460000000000000 0.0578889547598491
-0.8350000000000000 0.0612677913328445
-0.8240000000000001 0.0645354553122107
-0.8129999999999999 0.0676895009341190
-0.8020000000000000 0.0707273334172516
-0.7910000000000000 0.0736461982408213
-0.7800000000000000 0.0764431695422913
-0.7690000000000000 0.0791151375548005
-0.7580000000000000 0.0816587949965102
-0.7470000000000000 0.0840706223155311
-0.7360000000000000 0.0863468716846827
-0.7250000000000000 0.0884835496300092
-0.7140000000000000 0.0904763981656511
-0.7030000000000001 0.0923208742952609
-0.6919999999999999 0.0940121277265795
-0.6810000000000000 0.0955449766309741
-0.6699999999999999 0.0969138812635994
-0.6590000000000000 0.0981129152423228
-0.6480000000000000 0.0991357342645893
-0.6370000000000000 0.0999755420209754
-0.6260000000000000 0.1006250530422906
-0.6150000000000000 0.1010764521937952
-0.6040000000000001 0.1013213505055243
-0.5930000000000000 0.1013507370020747
-0.5820000000000001 0.1011549261688486
-0.5710000000000000 0.1007235006651858
-0.5600000000000001 0.1000452488687782
-0.5490000000000000 0.0991080968112981
-0.5380000000000000 0.0978990340437015
-0.5270000000000000 0.0964040329531481
-0.5160000000000000 0.0946079610445087
-0.5050000000000000 0.0924944857015146
-0.4940000000000000 0.0900459709603441
-0.4830000000000000 0.0872433658679185
-0.4720000000000000 0.0840660840663591
-0.4610000000000000 0.0804918743542828
-0.4500000000000001 0.0764966821383589
-0.4390000000000001 0.0720545019221596
-0.4280000000000000 0.0671372213061868
-0.4170000000000000 0.0617144574216340
-0.4060000000000000 0.0557533873274538
-0.3950000000000000 0.0492185747118493
-0.3840000000000000 0.0420717963136616
-0.3730000000000000 0.0342718728890911
-0.3620000000000000 0.0257745113850200
-0.3510000000000000 0.0165321673524632
-0.3400000000000001 0.0064939396759298
-0.3290000000000001 0.0043944864349467
-0.3180000000000001 0.0161908273632725
-0.3070000000000001 0.0289560929869410
-0.2960000000000000 0.0427543481122099
-0.2850000000000000 0.0576522998222798
-0.2740000000000000 0.0737186561617591
-0.2630000000000000 0.0910231887574970
-0.2520000000000000 0.1096354174346290
-0.2410000000000000 0.1296228190955592
-0.2300000000000000 0.1510484470968151
-0.2190000000000001 0.1739678329035398
-0.2080000000000001 0.1984250319107124
-0.1970000000000001 0.2244476745717163
-0.1860000000000001 0.2520408989758162
-0.1750000000000000 0.2811800807371960
-0.1640000000000000 0.3118023518372815
-0.1530000000000000 0.3437970249064126
-0.1420000000000000 0.3769952260879086
-0.1310000000000000 0.4111592967863218
-0.1200000000000000 0.4459728506787330
-0.1090000000000001 0.4810327468469870
-0.0980000000000001 0.5158446134014878
-0.0870000000000001 0.5498238423704633
-0.0760000000000001 0.5823040529448138
-0.0650000000000001 0.6125547421946340
-0.0540000000000000 0.6398090826802983
-0.0430000000000000 0.6633015344821647
-0.0320000000000000 0.6823132097048586
-0.0210000000000000 0.6962210452785471
-0.0100000000000000 0.7045452615632863
0.0010000000000000 0.7069888298105048
0.0119999999999999 0.7034631397557030
0.0230000000000000 0.6940958360809795
0.0339999999999999 0.6792195558429268
0.0450000000000000 0.6593433837493035
0.0559999999999999 0.6351114679699775
0.0670000000000001 0.6072547904775940
0.0780000000000000 0.5765423141236091
0.0889999999999999 0.5437367884281128
0.1000000000000000 0.5095588235294117
0.1109999999999999 0.4746609574550500
0.1220000000000000 0.4396117765861424
0.1329999999999999 0.4048889521082545
0.1440000000000000 0.3708793900700427
0.1549999999999999 0.3378844897730668
0.1660000000000000 0.3061286301975983
0.1769999999999999 0.2757693145728745
0.1879999999999998 0.2469077821520170
0.1990000000000000 0.2195992646273658
0.2099999999999999 0.1938623790090447
0.2210000000000000 0.1696873928442424
0.2319999999999999 0.1470432722401588
0.2430000000000000 0.1258835380832006
0.2539999999999999 0.1061510241346929
0.2650000000000000 0.0877816651319442
0.2759999999999999 0.0707074545657362
0.2870000000000000 0.0548587089681258
0.2979999999999999 0.0401657645359936
0.3089999999999998 0.0265602169911139
0.3200000000000000 0.0139757994814175
0.3309999999999998 0.0023489777081303
0.3420000000000000 0.0083806727882152
0.3529999999999999 0.0182702547353815
0.3640000000000000 0.0273734608102658
0.3749999999999999 0.0357405759249400
0.3860000000000000 0.0434185444011887
0.3969999999999999 0.0504510821771049
0.4080000000000000 0.0568788188726777
0.4189999999999999 0.0627394582483566
0.4299999999999998 0.0680679484999869
0.4409999999999999 0.0728966560990017
0.4519999999999998 0.0772555386375672
0.4630000000000000 0.0811723134811643
0.4739999999999999 0.0846726200526979
0.4850000000000000 0.0877801743426501
0.4959999999999999 0.0905169148148786
0.5070000000000000 0.0929031393017392
0.5179999999999999 0.0949576327901759
0.5290000000000000 0.0966977862196511
0.5399999999999999 0.0981397065646338
0.5509999999999998 0.0992983185754158
0.5619999999999999 0.1001874586141032
0.5729999999999998 0.1008199610576334
0.5840000000000000 0.1012077377541544
0.5949999999999999 0.1013618510188675
0.6060000000000000 0.1012925806448674
0.6169999999999999 0.1010094853869141
0.6280000000000000 0.1005214593539357
0.6389999999999999 0.0998367837212123
0.6500000000000000 0.0989631741469977
0.6609999999999999 0.0979078242517560
0.6719999999999998 0.0966774454919320
0.6829999999999999 0.0952783037347079
0.6939999999999998 0.0937162528158451
0.7050000000000000 0.0919967653396635
0.7159999999999999 0.0901249609585880
0.7270000000000000 0.0881056323495268
0.7379999999999999 0.0859432690856525
0.7490000000000000 0.0836420795848861
0.7599999999999999 0.0812060113004947
0.7709999999999998 0.0786387693046273
0.7819999999999999 0.0759438334022609
0.7929999999999998 0.0731244739008197
0.8039999999999999 0.0701837661495934
0.8149999999999998 0.0671246039529269
0.8260000000000000 0.0639497119519044
0.8369999999999999 0.0606616570608414
0.8480000000000000 0.0572628590372416
0.8589999999999999 0.0537556002569234
0.8700000000000000 0.0501420347596937
0.8809999999999999 0.0464241966252086
0.8919999999999998 0.0426040077334335
0.9029999999999999 0.0386832849593794
0.9139999999999998 0.0346637468474771
0.9249999999999999 0.0305470198070370
0.9359999999999998 0.0263346438666824
0.9470000000000000 0.0220280780224029
0.9579999999999999 0.0176287052109361
0.9690000000000000 0.0131378369374987
0.9799999999999999 0.0085567175844593
0.9910000000000000 0.0038865284253145
