-0.9890000000000000 0.0395813031085247
-0.9780000000000000 0.0729395010794401
-0.9670000000000000 0.1005744913419357
-0.9560000000000000 0.1229632171797417
-0.9450000000000000 0.1405602473574840
-0.9339999999999999 0.1537983488717060
-0.9230000000000000 0.1630890528038866
-0.9120000000000000 0.1688232132506668
-0.9010000000000000 0.1713715593043018
-0.8900000000000000 0.1710852400538359
-0.8790000000000000 0.1682963625747587
-0.8680000000000000 0.1633185228719726
-0.8570000000000000 0.1564473297375145
-0.8460000000000000 0.1479609214809328
-0.8350000000000000 0.1381204754861882
-0.8240000000000001 0.1271707105445769
-0.8129999999999999 0.1153403819083572
-0.8020000000000000 0.1028427690044229
-0.7910000000000000 0.0898761557415530
-0.7800000000000000 0.0766243033383143
-0.7690000000000000 0.0632569155916146
-0.7580000000000000 0.0499300964981363
-0.7470000000000000 0.0367868001322954
-0.7360000000000000 0.0239572726749829
-0.7250000000000000 0.0115594864770206
-0.7140000000000000 0.0003004339700801
-0.7030000000000001 0.0115277942958677
-0.6919999999999999 0.0220389208985840
-0.6810000000000000 0.0317607601468821
-0.6699999999999999 0.0406304863199788
-0.6590000000000000 0.0485951184880836
-0.6480000000000000 0.0556111465539411
-0.6370000000000000 0.0616441666967325
-0.6260000000000000 0.0666685264814773
-0.6150000000000000 0.0706669799203712
-0.6040000000000001 0.0736303527970592
-0.5930000000000000 0.0755572185905048
-0.5820000000000001 0.0764535853614417
-0.5710000000000000 0.0763325939909932
-0.5600000000000001 0.0752142281870534
-0.5490000000000000 0.0731250366985062
-0.5380000000000000 0.0700978681988171
-0.5270000000000000 0.0661716193170571
-0.5160000000000000 0.0613909963033885
-0.5050000000000000 0.0558062908139575
-0.4940000000000000 0.0494731702824000
-0.4830000000000000 0.0424524833056820
-0.4720000000000000 0.0348100804028348
-0.4610000000000000 0.0266166503958950
-0.4500000000000001 0.0179475724996352
-0.4390000000000001 0.0088827839730475
-0.4280000000000000 0.0004933371412973
-0.4170000000000000 0.0100920751125800
-0.4060000000000000 0.0198204669813170
-0.3950000000000000 0.0295813827243214
-0.3840000000000000 0.0392735985405116
-0.3730000000000000 0.0487918680830017
-0.3620000000000000 0.0580269982987485
-0.3510000000000000 0.0668659389092745
-0.3400000000000001 0.0751918976082537
-0.3290000000000001 0.0828844969223194
-0.3180000000000001 0.0898199935633243
-0.3070000000000001 0.0958715871973728
-0.2960000000000000 0.1009098530832716
-0.2850000000000000 0.1048033421969320
-0.2740000000000000 0.1074194034208356
-0.2630000000000000 0.1086252951980839
-0.2520000000000000 0.1082896685921861
-0.2410000000000000 0.1062845194848611
-0.2300000000000000 0.1024877236769182
-0.2190000000000001 0.0967862831124517
-0.2080000000000001 0.0890804213372591
-0.1970000000000001 0.0792886670508599
-0.1860000000000001 0.0673540496105596
-0.1750000000000000 0.0532514906249033
-0.1640000000000000 0.0369963999947946
-0.1530000000000000 0.0186543599162167
-0.1420000000000000 0.0016484062984891
-0.1310000000000000 0.0237143408825797
-0.1200000000000000 0.0472645201389614
-0.1090000000000001 0.0719305456842259
-0.0980000000000001 0.0972499927832974
-0.0870000000000001 0.1226673365485978
-0.0760000000000001 0.1475423530938434
-0.0650000000000001 0.1711677147585660
-0.0540000000000000 0.1927967388262434
-0.0430000000000000 0.2116809572601001
-0.0320000000000000 0.2271154455125356
-0.0210000000000000 0.2384879662305921
-0.0100000000000000 0.2453264053635434
0.0010000000000000 0.2473382237266712
0.0119999999999999 0.2444361152953038
0.0230000000000000 0.2367458409677309
0.0339999999999999 0.2245949698925389
0.0450000000000000 0.2084843452437680
0.0559999999999999 0.1890467171293934
0.0670000000000001 0.1669985366285758
0.0780000000000000 0.1430911331633298
0.0889999999999999 0.1180665571830296
0.1000000000000000 0.0926216976077230
0.1109999999999999 0.0673823991919308
0.1220000000000000 0.0428876396808118
0.1329999999999999 0.0195826295519190
0.1440000000000000 0.0021809680362317
0.1549999999999999 0.0221397023653754
0.1660000000000000 0.0401097656436628
0.1769999999999999 0.0559767587483337
0.1879999999999998 0.0696849831646754
0.1990000000000000 0.0812270816855176
0.2099999999999999 0.0906345360484471
0.2210000000000000 0.0979692856332554
0.2319999999999999 0.1033165567566772
0.2430000000000000 0.1067788771718247
0.2539999999999999 0.1084711820920630
0.2650000000000000 0.1085168836104777
0.2759999999999999 0.1070447638438733
0.2870000000000000 0.1041865549674073
0.2979999999999999 0.1000750803144310
0.3089999999999998 0.0948428456407581
0.3200000000000000 0.0886209857486934
0.3309999999999998 0.0815384872861362
0.3420000000000000 0.0737216227877605
0.3529999999999999 0.0652935435107621
0.3640000000000000 0.0563739892447914
0.3749999999999999 0.0470790821280423
0.3860000000000000 0.0375211787527843
0.3969999999999999 0.0278087607039097
0.4080000000000000 0.0180463483574177
0.4189999999999999 0.0083344264728326
0.4299999999999998 0.0012306269770616
0.4409999999999999 0.0105566150302767
0.4519999999999998 0.0195556035537678
0.4630000000000000 0.0281440138532008
0.4739999999999999 0.0362427282502340
0.4850000000000000 0.0437772100328096
0.4959999999999999 0.0506776386088461
0.5070000000000000 0.0568790602696558
0.5179999999999999 0.0623215546614454
0.5290000000000000 0.0669504168440244
0.5399999999999999 0.0707163546640020
0.5509999999999998 0.0735757010687100
0.5619999999999999 0.0754906409239937
0.5729999999999998 0.0764294518640314
0.5840000000000000 0.0763667586868354
0.5949999999999999 0.0752838008093435
0.6060000000000000 0.0731687123065583
0.6169999999999999 0.0700168140768039
0.6280000000000000 0.0658309176973035
0.6389999999999999 0.0606216405591232
0.6500000000000000 0.0544077318967235
0.6609999999999999 0.0472164093539502
0.6719999999999998 0.0390837057545400
0.6829999999999999 0.0300548257706801
0.6939999999999998 0.0201845122075465
0.7050000000000000 0.0095374216447401
0.7159999999999999 0.0018114908027901
0.7270000000000000 0.0137765778216018
0.7379999999999999 0.0262610975329813
0.7490000000000000 0.0391568026038032
0.7599999999999999 0.0523435210004656
0.7709999999999998 0.0656887285367152
0.7819999999999999 0.0790471133528249
0.7929999999999998 0.0922601324514053
0.8039999999999999 0.1051555604039600
0.8149999999999998 0.1175470303321655
0.8260000000000000 0.1292335672585965
0.8369999999999999 0.1399991139132136
0.8480000000000000 0.1496120490742579
0.8589999999999999 0.1578246985152796
0.8700000000000000 0.1643728386236501
0.8809999999999999 0.1689751927502222
0.8919999999999998 0.1713329203445448
0.9029999999999999 0.1711290989252847
0.9139999999999998 0.1680281989312644
0.9249999999999999 0.1616755514945155
0.9359999999999998 0.1516968091732681
0.9470000000000000 0.1376973996795011
0.9579999999999999 0.1192619726327888
0.9690000000000000 0.0959538393694304
0.9799999999999999 0.0673144058334819
0.9910000000000000 0.0328625985740355
