-0.9890000000000000 0.0057532140219619
-0.9780000000000000 0.0017323431019756
-0.9670000000000000 0.0075648413091130
-0.9560000000000000 0.0119106502619052
-0.9450000000000000 0.0149276277154471
-0.9339999999999999 0.0167653390730556
-0.9230000000000000 0.0175652740845564
-0.9120000000000000 0.0174610606625107
-0.9010000000000000 0.0165786757893737
-0.8900000000000000 0.0150366534860940
-0.8790000000000000 0.0129462898099241
-0.8680000000000000 0.0104118448462407
-0.8570000000000000 0.0075307416558531
-0.8460000000000000 0.0043937621356736
-0.8350000000000000 0.0010852397466368
-0.8240000000000001 0.0023167509416455
-0.8129999999999999 0.0057402079448110
-0.8020000000000000 0.0091190188568999
-0.7910000000000000 0.0123927812092246
-0.7800000000000000 0.0155066262678643
-0.7690000000000000 0.0184110463497871
-0.7580000000000000 0.0210617257453862
-0.7470000000000000 0.0234193753437619
-0.7360000000000000 0.0254495710665051
-0.7250000000000000 0.0271225962260560
-0.7140000000000000 0.0284132879360373
-0.7030000000000001 0.0293008877133760
-0.6919999999999999 0.0297688964255946
-0.6810000000000000 0.0298049337514742
-0.6699999999999999 0.0294006023394220
-0.6590000000000000 0.0285513568654112
-0.6480000000000000 0.0272563782113075
-0.6370000000000000 0.0255184530048430
-0.6260000000000000 0.0233438587843695
-0.6150000000000000 0.0207422550748298
-0.6040000000000001 0.0177265806859532
-0.5930000000000000 0.0143129575693185
-0.5820000000000001 0.0105206015972941
-0.5710000000000000 0.0063717406534189
-0.5600000000000001 0.0018915404498328
-0.5490000000000000 0.0028919614881747
-0.5380000000000000 0.0079479132089601
-0.5270000000000000 0.0132426966146062
-0.5160000000000000 0.0187399661472586
-0.5050000000000000 0.0244006773967736
-0.4940000000000000 0.0301831051624701
-0.4830000000000000 0.0360428505412613
-0.4720000000000000 0.0419328366836148
-0.4610000000000000 0.0478032929680208
-0.4500000000000001 0.0536017275073886
-0.4390000000000001 0.0592728881344085
-0.4280000000000000 0.0647587123397538
-0.4170000000000000 0.0699982670856915
-0.4060000000000000 0.0749276800246637
-0.3950000000000000 0.0794800644639625
-0.3840000000000000 0.0835854414919710
-0.3730000000000000 0.0871706640914044
-0.3620000000000000 0.0901593499008221
-0.3510000000000000 0.0924718316579371
-0.3400000000000001 0.0940251374005032
-0.3290000000000001 0.0947330163711421
-0.3180000000000001 0.0945060314543413
-0.3070000000000001 0.0932517450709400
-0.2960000000000000 0.0908750329827528
-0.2850000000000000 0.0872785696238608
-0.2740000000000000 0.0823635395376844
-0.2630000000000000 0.0760306423193579
-0.2520000000000000 0.0681814730045584
-0.2410000000000000 0.0587203756370686
-0.2300000000000000 0.0475568837801330
-0.2190000000000001 0.0346088761918482
-0.2080000000000001 0.0198065857754922
-0.1970000000000001 0.0030976006641732
-0.1860000000000001 0.0155470187017596
-0.1750000000000000 0.0361254223671984
-0.1640000000000000 0.0585964451663755
-0.1530000000000000 0.0828699890246432
-0.1420000000000000 0.1087966164009772
-0.1310000000000000 0.1361569151730009
-0.1200000000000000 0.1646515213433821
-0.1090000000000001 0.1938930604255018
-0.0980000000000001 0.2234016418790132
-0.0870000000000001 0.2526058273692031
-0.0760000000000001 0.2808510699402664
-0.0650000000000001 0.3074173432185880
-0.0540000000000000 0.3315469200689168
-0.0430000000000000 0.3524819682274923
-0.0320000000000000 0.3695099009680803
-0.0210000000000000 0.3820125386233316
-0.0100000000000000 0.3895135584675455
0.0010000000000000 0.3917179560148993
0.0119999999999999 0.3885377090072275
0.0230000000000000 0.3800996128299570
0.0339999999999999 0.3667340194517443
0.0450000000000000 0.3489462967712202
0.0559999999999999 0.3273754510563384
0.0670000000000001 0.3027459064717767
0.0780000000000000 0.2758186639000398
0.0889999999999999 0.2473471210346790
0.1000000000000000 0.2180411631916063
0.1109999999999999 0.1885412500001742
0.1220000000000000 0.1594025578459038
0.1329999999999999 0.1310880408580872
0.1440000000000000 0.1039686080634836
0.1549999999999999 0.0783284114295186
0.1660000000000000 0.0543733645018110
0.1769999999999999 0.0322413217444755
0.1879999999999998 0.0120127276434235
0.1990000000000000 0.0062790869915906
0.2099999999999999 0.0226384697033620
0.2210000000000000 0.0370991361645761
0.2319999999999999 0.0497170745931578
0.2430000000000000 0.0605646394130368
0.2539999999999999 0.0697257404800678
0.2650000000000000 0.0772919997442623
0.2759999999999999 0.0833597356772690
0.2870000000000000 0.0880276386312061
0.2979999999999999 0.0913950113034194
0.3089999999999998 0.0935604634063844
0.3200000000000000 0.0946209657380859
0.3309999999999998 0.0946711844681911
0.3420000000000000 0.0938030307070152
0.3529999999999999 0.0921053729097738
0.3640000000000000 0.0896638702957356
0.3749999999999999 0.0865608943142506
0.3860000000000000 0.0828755124409392
0.3969999999999999 0.0786835144476121
0.4080000000000000 0.0740574659728471
0.4189999999999999 0.0690667779272142
0.4299999999999998 0.0637777831765381
0.4409999999999999 0.0582538142120861
0.4519999999999998 0.0525552772673812
0.4630000000000000 0.0467397196841141
0.4739999999999999 0.0408618883512572
0.4850000000000000 0.0349737778118877
0.4959999999999999 0.0291246672073257
0.5070000000000000 0.0233611456522649
0.5179999999999999 0.0177271259425395
0.5290000000000000 0.0122638467163990
0.5399999999999999 0.0070098633420116
0.5509999999999998 0.0020010279049613
0.5619999999999999 0.0027295412674087
0.5729999999999998 0.0071515000729586
0.5840000000000000 0.0112373286066866
0.5949999999999999 0.0149623901515269
0.6060000000000000 0.0183049987124864
0.6169999999999999 0.0212464946361765
0.6280000000000000 0.0237713278799504
0.6389999999999999 0.0258671485196857
0.6500000000000000 0.0275249041114632
0.6609999999999999 0.0287389435489644
0.6719999999999998 0.0295071270846602
0.6829999999999999 0.0298309422083523
0.6939999999999998 0.0297156251009544
0.7050000000000000 0.0291702874044722
0.7159999999999999 0.0282080480707445
0.7270000000000000 0.0268461700716858
0.7379999999999999 0.0251062017724555
0.7490000000000000 0.0230141227862578
0.7599999999999999 0.0206004941453583
0.7709999999999998 0.0179006126374931
0.7819999999999999 0.0149546691702009
0.7929999999999998 0.0118079110378112
0.8039999999999999 0.0085108079769676
0.8149999999999998 0.0051192219067067
0.8260000000000000 0.0016945802583805
0.8369999999999999 0.0016959471909040
0.8480000000000000 0.0049792680599772
0.8589999999999999 0.0080761837521319
0.8700000000000000 0.0109012025558738
0.8809999999999999 0.0133623495175184
0.8919999999999998 0.0153609731400636
0.9029999999999999 0.0167915489579985
0.9139999999999998 0.0175414800334291
0.9249999999999999 0.0174908944149485
0.9359999999999998 0.0165124395971549
0.9470000000000000 0.0144710740154567
0.9579999999999999 0.0112238556078730
0.9690000000000000 0.0066197274728578
0.9799999999999999 0.0004993006497266
0.9910000000000000 0.0073053659539442
