-0.9890000000000000 0.0392880610457893
-0.9780000000000000 0.0401411362350023
-0.9670000000000000 0.0410218964627844
-0.9560000000000000 0.0419315341909730
-0.9450000000000000 0.0428713056992042
-0.9339999999999999 0.0438425351507526
-0.9229999999999999 0.0448466189573385
-0.9119999999999999 0.0458850304676602
-0.9009999999999999 0.0469593250066624
-0.8899999999999999 0.0480711452950367
-0.8789999999999999 0.0492222272811734
-0.8679999999999999 0.0504144064207788
-0.8569999999999999 0.0516496244426683
-0.8459999999999999 0.0529299366428659
-0.8349999999999999 0.0542575197531283
-0.8239999999999998 0.0556346804343956
-0.8129999999999998 0.0570638644504964
-0.8019999999999998 0.0585476665827484
-0.7909999999999998 0.0600888413519389
-0.7799999999999998 0.0616903146206046
-0.7689999999999998 0.0633551961556067
-0.7579999999999998 0.0650867932387839
-0.7469999999999998 0.0668886254220255
-0.7359999999999998 0.0687644405325119
-0.7249999999999998 0.0707182320441989
-0.7139999999999997 0.0727542579429462
-0.7029999999999997 0.0748770612251011
-0.6919999999999997 0.0770914921829227
-0.6809999999999997 0.0794027326450440
-0.6699999999999997 0.0818163223563102
-0.6589999999999997 0.0843381876988537
-0.6479999999999997 0.0869746729752297
-0.6369999999999997 0.0897325744948618
-0.6259999999999997 0.0926191777269402
-0.6149999999999997 0.0956422978062049
-0.6039999999999996 0.0988103237026206
-0.5929999999999996 0.1021322663915906
-0.5819999999999996 0.1056178113877125
-0.5709999999999996 0.1092773760316469
-0.5599999999999996 0.1131221719457015
-0.5489999999999996 0.1171642730982043
-0.5379999999999996 0.1214166899381991
-0.5269999999999996 0.1258934500785262
-0.5159999999999996 0.1306096860143150
-0.5049999999999996 0.1355817303618340
-0.4939999999999996 0.1408272190849049
-0.4829999999999995 0.1463652031366066
-0.4719999999999995 0.1522162688748176
-0.4609999999999995 0.1584026675009210
-0.4499999999999995 0.1649484536082477
-0.4389999999999995 0.1718796326932253
-0.4279999999999995 0.1792243171553520
-0.4169999999999995 0.1870128898634342
-0.4059999999999995 0.1952781737585194
-0.3949999999999995 0.2040556051524045
-0.3839999999999995 0.2133834073062483
-0.3729999999999994 0.2233027594638506
-0.3619999999999994 0.2338579546783289
-0.3509999999999994 0.2450965373986685
-0.3399999999999994 0.2570694087403605
-0.3289999999999994 0.2698308834937710
-0.3179999999999994 0.2834386780420064
-0.3069999999999994 0.2979538022629600
-0.2959999999999994 0.3134403209628896
-0.2849999999999994 0.3299649412249959
-0.2739999999999994 0.3475963710938869
-0.2629999999999993 0.3664043821964122
-0.2519999999999993 0.3864584943577073
-0.2409999999999993 0.4078261844801759
-0.2299999999999993 0.4305705059203459
-0.2189999999999993 0.4547469901433605
-0.2079999999999993 0.4803996925441985
-0.1969999999999993 0.5075562435762431
-0.1859999999999993 0.5362217813287595
-0.1749999999999993 0.5663716814159313
-0.1639999999999993 0.5979430758191842
-0.1529999999999992 0.6308252771688585
-0.1419999999999992 0.6648494116082730
-0.1309999999999992 0.6997778205419805
-0.1199999999999992 0.7352941176470613
-0.1089999999999992 0.7709951620053609
-0.0979999999999992 0.8063865817272825
-0.0869999999999992 0.8408837688410543
-0.0759999999999992 0.8738203425375765
-0.0649999999999993 0.9044657998869438
-0.0539999999999993 0.9320533134495311
-0.0429999999999993 0.9558173433056958
-0.0319999999999993 0.9750390015600636
-0.0209999999999993 0.9890952251428015
-0.0099999999999993 0.9975062344139654
0.0010000000000007 0.9999750006249845
0.0120000000000007 0.9964129135113586
0.0230000000000007 0.9869476177551867
0.0340000000000007 0.9719117504130613
0.0450000000000007 0.9518143961927409
0.0560000000000007 0.9272997032640932
0.0670000000000007 0.8990986535997643
0.0780000000000007 0.8679802100512087
0.0890000000000007 0.8347071221385174
0.1000000000000007 0.7999999999999977
0.1110000000000007 0.7645113816631922
0.1220000000000007 0.7288098535092171
0.1330000000000007 0.6933730867236366
0.1440000000000007 0.6585879873551085
0.1550000000000007 0.6247559547051911
0.1660000000000007 0.5921013677541573
0.1770000000000007 0.5607817297312433
0.1880000000000007 0.5308982798895712
0.1990000000000008 0.5025062499214814
0.2100000000000008 0.4756242568370969
0.2210000000000008 0.4502425681836071
0.2320000000000008 0.4263301500682112
0.2430000000000008 0.4038405233773167
0.2540000000000008 0.3827165218722478
0.2650000000000008 0.3628940802903139
0.2760000000000008 0.3443051921222959
0.2870000000000008 0.3268801739002513
0.2980000000000008 0.3105493618210602
0.3090000000000008 0.2952443516064972
0.3200000000000008 0.2808988764044933
0.3310000000000008 0.2674494019162740
0.3420000000000009 0.2548355036823721
0.3530000000000009 0.2430000789750247
0.3640000000000009 0.2318894351173352
0.3750000000000009 0.2214532871972311
0.3860000000000009 0.2116446908929282
0.3970000000000009 0.2024199302663333
0.4080000000000009 0.1937383756974574
0.4190000000000009 0.1855623234258510
0.4300000000000009 0.1778568252556686
0.4410000000000009 0.1705895147154774
0.4520000000000010 0.1637304342131110
0.4630000000000010 0.1572518663830886
0.4740000000000010 0.1511281718025052
0.4850000000000010 0.1453356344808788
0.4960000000000010 0.1398523159543517
0.5070000000000010 0.1346579183905681
0.5180000000000010 0.1297336568025838
0.5290000000000010 0.1250621402509368
0.5400000000000010 0.1206272617611576
0.5510000000000010 0.1164140965829548
0.5620000000000011 0.1124088083542223
0.5730000000000011 0.1085985626980223
0.5840000000000011 0.1049714477662072
0.5950000000000011 0.1015164012435756
0.6060000000000011 0.0982231433370327
0.6170000000000011 0.0950821152918186
0.6280000000000011 0.0920844229990052
0.6390000000000011 0.0892217852833123
0.6500000000000011 0.0864864864864862
0.6610000000000011 0.0838713329880628
0.6720000000000012 0.0813696133315972
0.6830000000000012 0.0789750616499073
0.6940000000000012 0.0766818241072316
0.7050000000000012 0.0744844280992503
0.7160000000000012 0.0723777539735385
0.7270000000000012 0.0703570090531879
0.7380000000000012 0.0684177037650260
0.7490000000000012 0.0665556296911318
0.7600000000000012 0.0647668393782381
0.7710000000000012 0.0630476277541960
0.7820000000000012 0.0613945150140285
0.7930000000000013 0.0598042308503113
0.8040000000000013 0.0582736999137547
0.8150000000000013 0.0568000284000140
0.8260000000000013 0.0553804916680049
0.8370000000000013 0.0540125228034118
0.8480000000000013 0.0526937020487310
0.8590000000000013 0.0514217470281443
0.8700000000000013 0.0501945037018445
0.8810000000000013 0.0490099379901758
0.8920000000000013 0.0478661280131726
0.9030000000000014 0.0467612568958240
0.9140000000000014 0.0456936060936992
0.9250000000000014 0.0446615491974877
0.9360000000000014 0.0436635461785663
0.9470000000000014 0.0426981380409453
0.9580000000000014 0.0417639418478873
0.9690000000000014 0.0408596460941752
0.9800000000000014 0.0399840063974409
0.9910000000000014 0.0391358414841875
