-0.9890000000000000 0.0000310514842586
-0.9780000000000000 0.0000422378046588
-0.9670000000000000 0.0000391139686975
-0.9560000000000000 0.0000271749556414
-0.9450000000000000 0.0000118519269579
-0.9339999999999999 0.0000014944962445
-0.9229999999999999 0.0000091473103261
-0.9119999999999999 0.0000116853322296
-0.9009999999999999 0.0000104700654549
-0.8899999999999999 0.0000069504092495
-0.8789999999999999 0.0000026684905592
-0.8679999999999999 0.0000007422827340
-0.8569999999999999 0.0000023669718895
-0.8459999999999999 0.0000026943950413
-0.8349999999999999 0.0000022550305926
-0.8239999999999998 0.0000014494277632
-0.8129999999999998 0.0000005390328845
-0.8019999999999998 0.0000003584512148
-0.7909999999999998 0.0000010856064926
-0.7799999999999998 0.0000014004358916
-0.7689999999999998 0.0000012280590299
-0.7579999999999998 0.0000006911105031
-0.7469999999999998 0.0000001244949576
-0.7359999999999998 0.0000000489081400
-0.7249999999999998 0.0000004137778648
-0.7139999999999997 0.0000006963214640
-0.7029999999999997 0.0000006323747254
-0.6919999999999997 0.0000002650693479
-0.6809999999999997 0.0000000309265954
-0.6699999999999997 0.0000003600198877
-0.6589999999999997 0.0000011184919079
-0.6479999999999997 0.0000015079366982
-0.6369999999999997 0.0000012306624564
-0.6259999999999997 0.0000004781371468
-0.6149999999999997 0.0000000285057167
-0.6039999999999996 0.0000006777710074
-0.5929999999999996 0.0000018341070993
-0.5819999999999996 0.0000023254749852
-0.5709999999999996 0.0000017643896803
-0.5599999999999996 0.0000005576478476
-0.5489999999999996 0.0000000256078302
-0.5379999999999996 0.0000013811197657
-0.5269999999999996 0.0000031931204052
-0.5159999999999996 0.0000037586089550
-0.5049999999999996 0.0000026257490278
-0.4939999999999996 0.0000006460517898
-0.4829999999999995 0.0000000852143641
-0.4719999999999995 0.0000027136515214
-0.4609999999999995 0.0000055520281980
-0.4499999999999995 0.0000061609015313
-0.4389999999999995 0.0000040517317546
-0.4279999999999995 0.0000008428821726
-0.4169999999999995 0.0000003985613191
-0.4059999999999995 0.0000046300356867
-0.3949999999999995 0.0000086386624854
-0.3839999999999995 0.0000090943317436
-0.3729999999999994 0.0000056229161300
-0.3619999999999994 0.0000009640976316
-0.3509999999999994 0.0000009655707540
-0.3399999999999994 0.0000071233042013
-0.3289999999999994 0.0000128867702789
-0.3179999999999994 0.0000141761046064
-0.3069999999999994 0.0000102049375902
-0.2959999999999994 0.0000032418280013
-0.2849999999999994 0.0000019696338715
-0.2739999999999994 0.0000028393222354
-0.2629999999999993 0.0000000464987427
-0.2519999999999993 0.0000052747992376
-0.2409999999999993 0.0000099476116047
-0.2299999999999993 0.0000063714323819
-0.2189999999999993 0.0000176810533808
-0.2079999999999993 0.0000456576419693
-0.1969999999999993 0.0000479379002979
-0.1859999999999993 0.0000167166737299
-0.1749999999999993 0.0000260487172897
-0.1639999999999993 0.0000201573195583
-0.1529999999999992 0.0001160807797488
-0.1419999999999992 0.0002961513056496
-0.1309999999999992 0.0003869261115576
-0.1199999999999992 0.0003330853967656
-0.1089999999999992 0.0001660639558024
-0.0979999999999992 0.0000085275546384
-0.0869999999999992 0.0000196004900678
-0.0759999999999992 0.0001389560820788
-0.0649999999999993 0.0002655716761295
-0.0539999999999993 0.0003346430497387
-0.0429999999999993 0.0002800784604428
-0.0319999999999993 0.0000108640687644
-0.0209999999999993 0.0005981673612434
-0.0099999999999993 0.0011311289154636
0.0010000000000007 0.0013127199828542
0.0120000000000007 0.0010543302989150
0.0230000000000007 0.0004836045457447
0.0340000000000007 0.0000673706447553
0.0450000000000007 0.0003032901507106
0.0560000000000007 0.0003290027903058
0.0670000000000007 0.0002451582530011
0.0780000000000007 0.0001144253494483
0.0890000000000007 0.0000056862216629
0.1000000000000007 0.0000280292096837
0.1110000000000007 0.0002005458270756
0.1220000000000007 0.0003534155966267
0.1330000000000007 0.0003806734563992
0.1440000000000007 0.0002671194813614
0.1550000000000007 0.0000830604935813
0.1660000000000007 0.0000290037994601
0.1770000000000007 0.0000195497534147
0.1880000000000007 0.0000243521371975
0.1990000000000008 0.0000501372454077
0.2100000000000008 0.0000418556264645
0.2210000000000008 0.0000119067985499
0.2320000000000008 0.0000081895894639
0.2430000000000008 0.0000094088521195
0.2540000000000008 0.0000042191481283
0.2650000000000008 0.0000007909226956
0.2760000000000008 0.0000029740070667
0.2870000000000008 0.0000013597104230
0.2980000000000008 0.0000045401080268
0.3090000000000008 0.0000112541203255
0.3200000000000008 0.0000143524049959
0.3310000000000008 0.0000120969107502
0.3420000000000009 0.0000058594256081
0.3530000000000009 0.0000003334692938
0.3640000000000009 0.0000016736078373
0.3750000000000009 0.0000064652541402
0.3860000000000009 0.0000093332148710
0.3970000000000009 0.0000081149230670
0.4080000000000009 0.0000037341298700
0.4190000000000009 0.0000000404459612
0.4300000000000009 0.0000013642989767
0.4410000000000009 0.0000045937020749
0.4520000000000010 0.0000062651835330
0.4630000000000010 0.0000051554140643
0.4740000000000010 0.0000021190069576
0.4850000000000010 0.0000000677418831
0.4960000000000010 0.0000009865387786
0.5070000000000010 0.0000029378353297
0.5180000000000010 0.0000037856134820
0.5290000000000010 0.0000029233864290
0.5400000000000010 0.0000010286323573
0.5510000000000010 0.0000000523035484
0.5620000000000011 0.0000007798925834
0.5730000000000011 0.0000019374227083
0.5840000000000011 0.0000023132643235
0.5950000000000011 0.0000016499278727
0.6060000000000011 0.0000004724459064
0.6170000000000011 0.0000000050604197
0.6280000000000011 0.0000006251768676
0.6390000000000011 0.0000013288449400
0.6500000000000011 0.0000014842867698
0.6610000000000011 0.0000009918831188
0.6720000000000012 0.0000002341787680
0.6830000000000012 0.0000000104613435
0.6940000000000012 0.0000003421339456
0.7050000000000012 0.0000006720982562
0.7160000000000012 0.0000006669397236
0.7270000000000012 0.0000003411419993
0.7380000000000012 0.0000000122924708
0.7490000000000012 0.0000002075019171
0.7600000000000012 0.0000008037010252
0.7710000000000012 0.0000012928486733
0.7820000000000012 0.0000013797871272
0.7930000000000013 0.0000009788562060
0.8040000000000013 0.0000001993538626
0.8150000000000013 0.0000007052225996
0.8260000000000013 0.0000016094311775
0.8370000000000013 0.0000023720950944
0.8480000000000013 0.0000027057616942
0.8590000000000013 0.0000021855966351
0.8700000000000013 0.0000002584295645
0.8810000000000013 0.0000034310901097
0.8920000000000013 0.0000076935177811
0.9030000000000014 0.0000109060851224
0.9140000000000014 0.0000115440691472
0.9250000000000014 0.0000081748819894
0.9360000000000014 0.0000005475717319
0.9470000000000014 0.0000146469291733
0.9580000000000014 0.0000297556491882
0.9690000000000014 0.0000404977958900
0.9800000000000014 0.0000414303105432
0.9910000000000014 0.0000270470255405
