-0.9890000000000000 0.0395813031085134
-0.9780000000000000 0.0729395010794292
-0.9670000000000000 0.1005744913419260
-0.9560000000000000 0.1229632171797328
-0.9450000000000000 0.1405602473574745
-0.9339999999999999 0.1537983488716976
-0.9230000000000000 0.1630890528038783
-0.9120000000000000 0.1688232132506585
-0.9010000000000000 0.1713715593042948
-0.8900000000000000 0.1710852400538280
-0.8790000000000000 0.1682963625747513
-0.8680000000000000 0.1633185228719654
-0.8570000000000000 0.1564473297375077
-0.8460000000000000 0.1479609214809264
-0.8350000000000000 0.1381204754861817
-0.8240000000000001 0.1271707105445715
-0.8129999999999999 0.1153403819083521
-0.8020000000000000 0.1028427690044179
-0.7910000000000000 0.0898761557415482
-0.7800000000000000 0.0766243033383091
-0.7690000000000000 0.0632569155916098
-0.7580000000000000 0.0499300964981320
-0.7470000000000000 0.0367868001322907
-0.7360000000000000 0.0239572726749784
-0.7250000000000000 0.0115594864770169
-0.7140000000000000 0.0003004339700837
-0.7030000000000001 0.0115277942958716
-0.6919999999999999 0.0220389208985874
-0.6810000000000000 0.0317607601468855
-0.6699999999999999 0.0406304863199821
-0.6590000000000000 0.0485951184880865
-0.6480000000000000 0.0556111465539438
-0.6370000000000000 0.0616441666967350
-0.6260000000000000 0.0666685264814801
-0.6150000000000000 0.0706669799203736
-0.6040000000000001 0.0736303527970617
-0.5930000000000000 0.0755572185905070
-0.5820000000000001 0.0764535853614438
-0.5710000000000000 0.0763325939909951
-0.5600000000000001 0.0752142281870552
-0.5490000000000000 0.0731250366985080
-0.5380000000000000 0.0700978681988187
-0.5270000000000000 0.0661716193170584
-0.5160000000000000 0.0613909963033897
-0.5050000000000000 0.0558062908139590
-0.4940000000000000 0.0494731702824012
-0.4830000000000000 0.0424524833056831
-0.4720000000000000 0.0348100804028359
-0.4610000000000000 0.0266166503958961
-0.4500000000000001 0.0179475724996362
-0.4390000000000001 0.0088827839730484
-0.4280000000000000 0.0004933371412965
-0.4170000000000000 0.0100920751125792
-0.4060000000000000 0.0198204669813161
-0.3950000000000000 0.0295813827243207
-0.3840000000000000 0.0392735985405109
-0.3730000000000000 0.0487918680830011
-0.3620000000000000 0.0580269982987480
-0.3510000000000000 0.0668659389092740
-0.3400000000000001 0.0751918976082531
-0.3290000000000001 0.0828844969223189
-0.3180000000000001 0.0898199935633239
-0.3070000000000001 0.0958715871973724
-0.2960000000000000 0.1009098530832713
-0.2850000000000000 0.1048033421969317
-0.2740000000000000 0.1074194034208353
-0.2630000000000000 0.1086252951980837
-0.2520000000000000 0.1082896685921859
-0.2410000000000000 0.1062845194848610
-0.2300000000000000 0.1024877236769181
-0.2190000000000001 0.0967862831124517
-0.2080000000000001 0.0890804213372590
-0.1970000000000001 0.0792886670508597
-0.1860000000000001 0.0673540496105596
-0.1750000000000000 0.0532514906249033
-0.1640000000000000 0.0369963999947948
-0.1530000000000000 0.0186543599162164
-0.1420000000000000 0.0016484062984891
-0.1310000000000000 0.0237143408825797
-0.1200000000000000 0.0472645201389615
-0.1090000000000001 0.0719305456842260
-0.0980000000000001 0.0972499927832975
-0.0870000000000001 0.1226673365485978
-0.0760000000000001 0.1475423530938434
-0.0650000000000001 0.1711677147585661
-0.0540000000000000 0.1927967388262434
-0.0430000000000000 0.2116809572601001
-0.0320000000000000 0.2271154455125357
-0.0210000000000000 0.2384879662305919
-0.0100000000000000 0.2453264053635433
0.0010000000000000 0.2473382237266714
0.0119999999999999 0.2444361152953036
0.0230000000000000 0.2367458409677309
0.0339999999999999 0.2245949698925389
0.0450000000000000 0.2084843452437681
0.0559999999999999 0.1890467171293931
0.0670000000000001 0.1669985366285757
0.0780000000000000 0.1430911331633298
0.0889999999999999 0.1180665571830296
0.1000000000000000 0.0926216976077230
0.1109999999999999 0.0673823991919307
0.1220000000000000 0.0428876396808120
0.1329999999999999 0.0195826295519190
0.1440000000000000 0.0021809680362318
0.1549999999999999 0.0221397023653754
0.1660000000000000 0.0401097656436625
0.1769999999999999 0.0559767587483336
0.1879999999999998 0.0696849831646754
0.1990000000000000 0.0812270816855174
0.2099999999999999 0.0906345360484470
0.2210000000000000 0.0979692856332553
0.2319999999999999 0.1033165567566770
0.2430000000000000 0.1067788771718244
0.2539999999999999 0.1084711820920629
0.2650000000000000 0.1085168836104775
0.2759999999999999 0.1070447638438733
0.2870000000000000 0.1041865549674071
0.2979999999999999 0.1000750803144305
0.3089999999999998 0.0948428456407579
0.3200000000000000 0.0886209857486934
0.3309999999999998 0.0815384872861362
0.3420000000000000 0.0737216227877606
0.3529999999999999 0.0652935435107616
0.3640000000000000 0.0563739892447908
0.3749999999999999 0.0470790821280418
0.3860000000000000 0.0375211787527843
0.3969999999999999 0.0278087607039094
0.4080000000000000 0.0180463483574173
0.4189999999999999 0.0083344264728326
0.4299999999999998 0.0012306269770616
0.4409999999999999 0.0105566150302773
0.4519999999999998 0.0195556035537675
0.4630000000000000 0.0281440138532012
0.4739999999999999 0.0362427282502347
0.4850000000000000 0.0437772100328102
0.4959999999999999 0.0506776386088462
0.5070000000000000 0.0568790602696567
0.5179999999999999 0.0623215546614463
0.5290000000000000 0.0669504168440252
0.5399999999999999 0.0707163546640035
0.5509999999999998 0.0735757010687112
0.5619999999999999 0.0754906409239947
0.5729999999999998 0.0764294518640325
0.5840000000000000 0.0763667586868357
0.5949999999999999 0.0752838008093439
0.6060000000000000 0.0731687123065596
0.6169999999999999 0.0700168140768047
0.6280000000000000 0.0658309176973053
0.6389999999999999 0.0606216405591247
0.6500000000000000 0.0544077318967241
0.6609999999999999 0.0472164093539515
0.6719999999999998 0.0390837057545403
0.6829999999999999 0.0300548257706822
0.6939999999999998 0.0201845122075483
0.7050000000000000 0.0095374216447421
0.7159999999999999 0.0018114908027887
0.7270000000000000 0.0137765778216007
0.7379999999999999 0.0262610975329790
0.7490000000000000 0.0391568026038015
0.7599999999999999 0.0523435210004635
0.7709999999999998 0.0656887285367126
0.7819999999999999 0.0790471133528228
0.7929999999999998 0.0922601324514020
0.8039999999999999 0.1051555604039592
0.8149999999999998 0.1175470303321649
0.8260000000000000 0.1292335672585945
0.8369999999999999 0.1399991139132132
0.8480000000000000 0.1496120490742552
0.8589999999999999 0.1578246985152761
0.8700000000000000 0.1643728386236456
0.8809999999999999 0.1689751927502176
0.8919999999999998 0.1713329203445405
0.9029999999999999 0.1711290989252797
0.9139999999999998 0.1680281989312624
0.9249999999999999 0.1616755514945110
0.9359999999999998 0.1516968091732641
0.9470000000000000 0.1376973996794972
0.9579999999999999 0.1192619726327893
0.9690000000000000 0.0959538393694294
0.9799999999999999 0.0673144058334778
0.9910000000000000 0.0328625985740327
