-0.9890000000000000 1.2144061654705665
-0.9780000000000000 1.8537404060888667
-0.9670000000000000 2.0926558393166053
-0.9560000000000000 2.0652817771916983
-0.9450000000000000 1.8728003552674271
-0.9339999999999999 1.5898587247229796
-0.9230000000000000 1.2699646810255261
-0.9120000000000000 0.9499981469528980
-0.9010000000000000 0.6539567860218564
-0.8900000000000000 0.3960411054907740
-0.8790000000000000 0.1831726318247545
-0.8680000000000000 0.0170280259847292
-0.8570000000000000 0.1043377244289943
-0.8460000000000000 0.1852147157270796
-0.8350000000000000 0.2312517912390960
-0.8240000000000001 0.2487112945867727
-0.8129999999999999 0.2439222159521696
-0.8020000000000000 0.2228948334256569
-0.7910000000000000 0.1910651380151075
-0.7800000000000000 0.1531419546371069
-0.7690000000000000 0.1130337793267734
-0.7580000000000000 0.0738359889943494
-0.7470000000000000 0.0378622855197755
-0.7360000000000000 0.0067070493296608
-0.7250000000000000 0.0186722651909195
-0.7140000000000000 0.0378614255063967
-0.7030000000000001 0.0508912978236325
-0.6919999999999999 0.0581406141438502
-0.6810000000000000 0.0602435932467570
-0.6699999999999999 0.0580052446530757
-0.6590000000000000 0.0523262374316820
-0.6480000000000000 0.0441384348479871
-0.6370000000000000 0.0343515617493898
-0.6260000000000000 0.0238109663120161
-0.6150000000000000 0.0132660449039392
-0.6040000000000001 0.0033486033535049
-0.5930000000000000 0.0054397838094905
-0.5820000000000001 0.0127324949409298
-0.5710000000000000 0.0182958227238624
-0.5600000000000001 0.0220213646678448
-0.5490000000000000 0.0239140210564215
-0.5380000000000000 0.0240767350148446
-0.5270000000000000 0.0226930399275865
-0.5160000000000000 0.0200083906070495
-0.5050000000000000 0.0163111519586305
-0.4940000000000000 0.0119140072371405
-0.4830000000000000 0.0071364315116859
-0.4720000000000000 0.0022887582014484
-0.4610000000000000 0.0023417495007400
-0.4500000000000001 0.0065025223679671
-0.4390000000000001 0.0099848097866181
-0.4280000000000000 0.0126302090089172
-0.4170000000000000 0.0143345917419756
-0.4060000000000000 0.0150495000938410
-0.3950000000000000 0.0147811529314670
-0.3840000000000000 0.0135872622586916
-0.3730000000000000 0.0115719073205966
-0.3620000000000000 0.0088787520349836
-0.3510000000000000 0.0056829194914867
-0.3400000000000001 0.0021818562671210
-0.3290000000000001 0.0014144700430092
-0.3180000000000001 0.0048936934901521
-0.3070000000000001 0.0080511493097388
-0.2960000000000000 0.0106996156671070
-0.2850000000000000 0.0126783758875627
-0.2740000000000000 0.0138612955926306
-0.2630000000000000 0.0141636275257992
-0.2520000000000000 0.0135472766426903
-0.2410000000000000 0.0120242788301433
-0.2300000000000000 0.0096582685396558
-0.2190000000000001 0.0065637346575409
-0.2080000000000001 0.0029028922874279
-0.1970000000000001 0.0011199653628287
-0.1860000000000001 0.0052667201799511
-0.1750000000000000 0.0092762995319686
-0.1640000000000000 0.0128780695803434
-0.1530000000000000 0.0158075050631523
-0.1420000000000000 0.0178236787097844
-0.1310000000000000 0.0187278364838626
-0.1200000000000000 0.0183819831188845
-0.1090000000000001 0.0167260165766236
-0.0980000000000001 0.0137915695645010
-0.0870000000000001 0.0097104272393624
-0.0760000000000001 0.0047153156098820
-0.0650000000000001 0.0008688610049260
-0.0540000000000000 0.0066444855682058
-0.0430000000000000 0.0121712436217947
-0.0320000000000000 0.0170047885149229
-0.0210000000000000 0.0207402545610473
-0.0100000000000000 0.0230552151642350
0.0010000000000000 0.0237459036652362
0.0119999999999999 0.0227509563056688
0.0230000000000000 0.0201586863610850
0.0339999999999999 0.0161966333066267
0.0450000000000000 0.0112051869095641
0.0559999999999999 0.0055996834957784
0.0670000000000001 0.0001731046768610
0.0780000000000000 0.0056779640878424
0.0889999999999999 0.0105285605160159
0.1000000000000000 0.0144156220666068
0.1109999999999999 0.0171244249941783
0.1220000000000000 0.0185417043060198
0.1329999999999999 0.0186533211109550
0.1440000000000000 0.0175346929882607
0.1549999999999999 0.0153362016752879
0.1660000000000000 0.0122656683171239
0.1769999999999999 0.0085696727201237
0.1879999999999998 0.0045151063206770
0.1990000000000000 0.0003719680601756
0.2099999999999999 0.0036019184530071
0.2210000000000000 0.0071738527057940
0.2319999999999999 0.0101466551748244
0.2430000000000000 0.0123664434573571
0.2539999999999999 0.0137278141582103
0.2650000000000000 0.0141765263184020
0.2759999999999999 0.0137098296767398
0.2870000000000000 0.0123746157129074
0.2979999999999999 0.0102635967573909
0.3089999999999998 0.0075097419830663
0.3200000000000000 0.0042792207646574
0.3309999999999998 0.0007631245104263
0.3420000000000000 0.0028317423531070
0.3529999999999999 0.0062926935378360
0.3640000000000000 0.0094112898463999
0.3749999999999999 0.0119934293295082
0.3860000000000000 0.0138690542995983
0.3969999999999999 0.0149011286804395
0.4080000000000000 0.0149935436476304
0.4189999999999999 0.0140976216210655
0.4299999999999998 0.0122169092857042
0.4409999999999999 0.0094099801883160
0.4519999999999998 0.0057910071803443
0.4630000000000000 0.0015279149627332
0.4739999999999999 0.0031620165465349
0.4850000000000000 0.0080191563785684
0.4959999999999999 0.0127511114614842
0.5070000000000000 0.0170447868719277
0.5179999999999999 0.0205807044526558
0.5290000000000000 0.0230492599148843
0.5399999999999999 0.0241684857534243
0.5509999999999998 0.0237027707498195
0.5619999999999999 0.0214818690769803
0.5729999999999998 0.0174194161374107
0.5840000000000000 0.0115300579243071
0.5949999999999999 0.0039442001713152
0.6060000000000000 0.0050807021801809
0.6169999999999999 0.0151534599312012
0.6280000000000000 0.0257482520187382
0.6389999999999999 0.0362107023723074
0.6500000000000000 0.0457720796765592
0.6609999999999999 0.0535726781058751
0.6719999999999998 0.0586952846225295
0.6829999999999999 0.0602094124420199
0.6939999999999998 0.0572266681435959
0.7050000000000000 0.0489672077575309
0.7159999999999999 0.0348367097296646
0.7270000000000000 0.0145126332577298
0.7379999999999999 0.0119622791135131
0.7490000000000000 0.0440822753952996
0.7599999999999999 0.0807808365647568
0.7709999999999998 0.1203384656958127
0.7819999999999999 0.1603032284627100
0.7929999999999998 0.1974331436125188
0.8039999999999999 0.2276717128901911
0.8149999999999998 0.2461703992562771
0.8260000000000000 0.2473747441744479
0.8369999999999999 0.2251940955492106
0.8480000000000000 0.1732786366028674
0.8589999999999999 0.0854316043859069
0.8700000000000000 0.0438106909805837
0.8809999999999999 0.2183931410769897
0.8919999999999998 0.4397065864486223
0.9029999999999999 0.7052526225782816
0.9139999999999998 1.0069507252992191
0.9249999999999999 1.3290218370336730
0.9359999999999998 1.6453735777190350
0.9470000000000000 1.9164023401990162
0.9579999999999999 2.0851166272014638
0.9690000000000000 2.0724740095278262
0.9799999999999999 1.7718109517588108
0.9910000000000000 1.0422303780201041
