-0.9890000000000000 674.6488112126876331
-0.9780000000000000 634.7346825659657270
-0.9670000000000000 408.5199741844575669
-0.9560000000000000 199.8956898821037100
-0.9450000000000000 63.3220285553192213
-0.9339999999999999 6.2302284577643441
-0.9230000000000000 30.6228835138614848
-0.9120000000000000 30.8662537911210997
-0.9010000000000000 21.6814417755456326
-0.8900000000000000 11.3879124866300412
-0.8790000000000000 3.5956088112981459
-0.8680000000000000 0.9116411254324184
-0.8570000000000000 2.7059174158082717
-0.8460000000000000 2.7746653368834080
-0.8350000000000000 2.0248178980817464
-0.8240000000000001 1.0915030205170164
-0.8129999999999999 0.3222472685773385
-0.8020000000000000 0.1585859036775626
-0.7910000000000000 0.3648865379967342
-0.7800000000000000 0.3746617536746487
-0.7690000000000000 0.2784542518526365
-0.7580000000000000 0.1507105315845647
-0.7470000000000000 0.0391229095889661
-0.7360000000000000 0.0345101328337359
-0.7250000000000000 0.0676962460901379
-0.7140000000000000 0.0691600734202758
-0.7030000000000001 0.0517874745516069
-0.6919999999999999 0.0277261853655034
-0.6810000000000000 0.0057833364055166
-0.6699999999999999 0.0092991986365905
-0.6590000000000000 0.0163311475412900
-0.6480000000000000 0.0165526366555487
-0.6370000000000000 0.0124014624355293
-0.6260000000000000 0.0064852557035912
-0.6150000000000000 0.0009047279592234
-0.6040000000000001 0.0030572656652385
-0.5930000000000000 0.0049488630826271
-0.5820000000000001 0.0049697646235620
-0.5710000000000000 0.0037065091720076
-0.5600000000000001 0.0018694457726508
-0.5490000000000000 0.0000878845052042
-0.5380000000000000 0.0012112943537569
-0.5270000000000000 0.0018419746487390
-0.5160000000000000 0.0018316091704660
-0.5050000000000000 0.0013541568647202
-0.4940000000000000 0.0006493058274969
-0.4830000000000000 0.0000507154736080
-0.4720000000000000 0.0005730828267660
-0.4610000000000000 0.0008295872313382
-0.4500000000000001 0.0008166135647656
-0.4390000000000001 0.0005962076771881
-0.4280000000000000 0.0002668730471890
-0.4170000000000000 0.0000672295954659
-0.4060000000000000 0.0003216946867352
-0.3950000000000000 0.0004475862993422
-0.3840000000000000 0.0004360727797165
-0.3730000000000000 0.0003131727522583
-0.3620000000000000 0.0001276132663546
-0.3510000000000000 0.0000643373337138
-0.3400000000000001 0.0002132621081141
-0.3290000000000001 0.0002872176890991
-0.3180000000000001 0.0002768519940816
-0.3070000000000001 0.0001946899018299
-0.2960000000000000 0.0000695219149441
-0.2850000000000000 0.0000622675671519
-0.2740000000000000 0.0001661762474215
-0.2630000000000000 0.0002176893055473
-0.2520000000000000 0.0002073480145791
-0.2410000000000000 0.0001419104693396
-0.2300000000000000 0.0000416363836802
-0.2190000000000001 0.0000654424851995
-0.2080000000000001 0.0001508030705812
-0.1970000000000001 0.0001925296484028
-0.1860000000000001 0.0001805975071167
-0.1750000000000000 0.0001191496100523
-0.1640000000000000 0.0000252639358354
-0.1530000000000000 0.0000754902646342
-0.1420000000000000 0.0001556596137219
-0.1310000000000000 0.0001930904918115
-0.1200000000000000 0.0001769030901211
-0.1090000000000001 0.0001106792404588
-0.0980000000000001 0.0000118990986840
-0.0870000000000001 0.0000924270795032
-0.0760000000000001 0.0001729669004522
-0.0650000000000001 0.0002062788136630
-0.0540000000000000 0.0001817445844217
-0.0430000000000000 0.0001051065522234
-0.0320000000000000 0.0000026639050567
-0.0210000000000000 0.0001110976407860
-0.0100000000000000 0.0001890280945421
0.0010000000000000 0.0002138465638682
0.0119999999999999 0.0001783227364789
0.0230000000000000 0.0000928014350825
0.0339999999999999 0.0000179381929122
0.0450000000000000 0.0001221417611363
0.0559999999999999 0.0001904720471819
0.0670000000000001 0.0002044227852541
0.0780000000000000 0.0001612867148495
0.0889999999999999 0.0000743997374664
0.1000000000000000 0.0000311413299630
0.1109999999999999 0.0001258155327443
0.1220000000000000 0.0001838722328331
0.1329999999999999 0.0001901378257734
0.1440000000000000 0.0001437344756672
0.1549999999999999 0.0000579279324951
0.1660000000000000 0.0000436614146530
0.1769999999999999 0.0001333816108259
0.1879999999999998 0.0001867604296465
0.1990000000000000 0.0001888252905500
0.2099999999999999 0.0001380210613610
0.2210000000000000 0.0000468030971179
0.2319999999999999 0.0000612460971292
0.2430000000000000 0.0001571361118071
0.2539999999999999 0.0002137296779356
0.2650000000000000 0.0002128672756277
0.2759999999999999 0.0001506438269720
0.2870000000000000 0.0000394612110134
0.2979999999999999 0.0000938671117267
0.3089999999999998 0.0002138274678865
0.3200000000000000 0.0002847041618964
0.3309999999999998 0.0002800797316299
0.3420000000000000 0.0001911125960182
0.3529999999999999 0.0000313742144689
0.3640000000000000 0.0001634606188521
0.3749999999999999 0.0003417974824330
0.3860000000000000 0.0004475997404953
0.3969999999999999 0.0004351763572162
0.4080000000000000 0.0002840947341804
0.4189999999999999 0.0000103452263878
0.4299999999999998 0.0003300204542352
0.4409999999999999 0.0006475167862559
0.4519999999999998 0.0008368890697488
0.4630000000000000 0.0008039118628908
0.4739999999999999 0.0004964855727187
0.4850000000000000 0.0000673564443743
0.4959999999999999 0.0007833458135159
0.5070000000000000 0.0014651834926317
0.5179999999999999 0.0018746795378015
0.5290000000000000 0.0017782001919265
0.5399999999999999 0.0010224949567443
0.5509999999999998 0.0003852414552666
0.5619999999999999 0.0022155380883492
0.5729999999999998 0.0039995834584891
0.5840000000000000 0.0050817359886405
0.5949999999999999 0.0047567077287367
0.6060000000000000 0.0024877385863012
0.6169999999999999 0.0018249149423145
0.6280000000000000 0.0075874987653814
0.6389999999999999 0.0133600503406940
0.6500000000000000 0.0169164035140240
0.6609999999999999 0.0156183524041689
0.6719999999999998 0.0071605507359271
0.6829999999999999 0.0093489445555586
0.6939999999999998 0.0321473055070901
0.7050000000000000 0.0557643550469943
0.7159999999999999 0.0706846596689537
0.7270000000000000 0.0643687887496630
0.7379999999999999 0.0242535150197470
0.7490000000000000 0.0569235027653710
0.7599999999999999 0.1737605308608764
0.7709999999999998 0.3001397288497107
0.7819999999999999 0.3833155664387034
0.7929999999999998 0.3446806744894418
0.8039999999999999 0.0932176181879613
0.8149999999999998 0.4419728295799837
0.8260000000000000 1.2557194371829767
0.8369999999999999 2.1893565429789676
0.8480000000000000 2.8464972581994985
0.8589999999999999 2.5377640702602560
0.8700000000000000 0.3203150070655929
0.8809999999999999 4.7658883150119857
0.8919999999999998 13.1313831846079889
0.9029999999999999 23.6033455432342869
0.9139999999999998 31.8621637167028489
0.9249999999999999 28.5269565586798706
0.9359999999999998 2.3696027415105858
0.9470000000000000 82.6379718757538484
0.9579999999999999 232.9137417054427317
0.9690000000000000 451.6004387255049437
0.9799999999999999 665.6345590988154299
0.9910000000000000 628.4660647144673931
