-0.9890000000000000 118478169.3426506817340851
-0.9780000000000000 27195879.4876765049993992
-0.9670000000000000 1119260.9485178061295301
-0.9560000000000000 2502409.6762238098308444
-0.9450000000000000 627454.3326711918925866
-0.9339999999999999 68941.3960971651249565
-0.9230000000000000 95463.3297555062599713
-0.9120000000000000 23521.3059494464432646
-0.9010000000000000 4944.2496129135106457
-0.8900000000000000 5310.5261094378392954
-0.8790000000000000 1210.8248466371051109
-0.8680000000000000 432.2292260381015581
-0.8570000000000000 390.4709878367435749
-0.8460000000000000 77.8272391974867048
-0.8350000000000000 45.4083042318927923
-0.8240000000000001 35.8526185971244971
-0.8129999999999999 5.7852535899109903
-0.8020000000000000 5.6262729136817171
-0.7910000000000000 3.9603658021147812
-0.7800000000000000 0.4504390696504635
-0.7690000000000000 0.8087137325318541
-0.7580000000000000 0.5124265256634578
-0.7470000000000000 0.0281230315320583
-0.7360000000000000 0.1330148149537639
-0.7250000000000000 0.0760848169469113
-0.7140000000000000 0.0013749911475038
-0.7030000000000001 0.0247525138991385
-0.6919999999999999 0.0127469508057857
-0.6810000000000000 0.0014007187493890
-0.6699999999999999 0.0051624915636381
-0.6590000000000000 0.0023737769790733
-0.6480000000000000 0.0005423626769411
-0.6370000000000000 0.0011971982695795
-0.6260000000000000 0.0004841557174663
-0.6150000000000000 0.0001876854136270
-0.6040000000000001 0.0003066035271159
-0.5930000000000000 0.0001063662590245
-0.5820000000000001 0.0000652525136260
-0.5710000000000000 0.0000861990902742
-0.5600000000000001 0.0000246103618600
-0.5490000000000000 0.0000236620106155
-0.5380000000000000 0.0000264620893744
-0.5270000000000000 0.0000057717403187
-0.5160000000000000 0.0000090876665098
-0.5050000000000000 0.0000088267517045
-0.4940000000000000 0.0000012552096333
-0.4830000000000000 0.0000037222608767
-0.4720000000000000 0.0000031840030275
-0.4610000000000000 0.0000001732369528
-0.4500000000000001 0.0000016310999008
-0.4390000000000001 0.0000012360825942
-0.4280000000000000 0.0000000618816363
-0.4170000000000000 0.0000007656250213
-0.4060000000000000 0.0000005137293263
-0.3950000000000000 0.0000000916636547
-0.3840000000000000 0.0000003850366367
-0.3730000000000000 0.0000002271440629
-0.3620000000000000 0.0000000777515247
-0.3510000000000000 0.0000002073680644
-0.3400000000000001 0.0000001059576716
-0.3290000000000001 0.0000000595309719
-0.3180000000000001 0.0000001194858227
-0.3070000000000001 0.0000000515060173
-0.2960000000000000 0.0000000451000161
-0.2850000000000000 0.0000000735486254
-0.2740000000000000 0.0000000255488309
-0.2630000000000000 0.0000000349614455
-0.2520000000000000 0.0000000482570129
-0.2410000000000000 0.0000000123961783
-0.2300000000000000 0.0000000281467469
-0.2190000000000001 0.0000000336408870
-0.2080000000000001 0.0000000052502510
-0.1970000000000001 0.0000000236834321
-0.1860000000000001 0.0000000247972374
-0.1750000000000000 0.0000000010049457
-0.1640000000000000 0.0000000208506860
-0.1530000000000000 0.0000000191889683
-0.1420000000000000 0.0000000018355847
-0.1310000000000000 0.0000000191468608
-0.1200000000000000 0.0000000154257896
-0.1090000000000001 0.0000000040253268
-0.0980000000000001 0.0000000182091485
-0.0870000000000001 0.0000000126928784
-0.0760000000000001 0.0000000059473149
-0.0650000000000001 0.0000000177467845
-0.0540000000000000 0.0000000104825183
-0.0430000000000000 0.0000000077752272
-0.0320000000000000 0.0000000175116259
-0.0210000000000000 0.0000000084791953
-0.0100000000000000 0.0000000095610011
0.0010000000000000 0.0000000173190220
0.0119999999999999 0.0000000065140849
0.0230000000000000 0.0000000113191319
0.0339999999999999 0.0000000170982670
0.0450000000000000 0.0000000045207456
0.0559999999999999 0.0000000131186646
0.0670000000000001 0.0000000169136237
0.0780000000000000 0.0000000024573183
0.0889999999999999 0.0000000151484651
0.1000000000000000 0.0000000169236534
0.1109999999999999 0.0000000002145277
0.1220000000000000 0.0000000177439374
0.1329999999999999 0.0000000173182259
0.1440000000000000 0.0000000024657474
0.1549999999999999 0.0000000214214251
0.1660000000000000 0.0000000182849651
0.1769999999999999 0.0000000060879196
0.1879999999999998 0.0000000269877224
0.1990000000000000 0.0000000200086282
0.2099999999999999 0.0000000115976122
0.2210000000000000 0.0000000357983012
0.2319999999999999 0.0000000226657080
0.2430000000000000 0.0000000208296350
0.2539999999999999 0.0000000503019296
0.2650000000000000 0.0000000263511384
0.2759999999999999 0.0000000374903568
0.2870000000000000 0.0000000751185240
0.2979999999999999 0.0000000306865232
0.3089999999999998 0.0000000697303678
0.3200000000000000 0.0000001197892893
0.3309999999999998 0.0000000343376985
0.3420000000000000 0.0000001355951909
0.3529999999999999 0.0000002027606524
0.3640000000000000 0.0000000277976208
0.3749999999999999 0.0000002797660808
0.3860000000000000 0.0000003692522573
0.3969999999999999 0.0000000041028126
0.4080000000000000 0.0000005808645222
0.4189999999999999 0.0000006765228432
0.4299999999999998 0.0000002077668246
0.4409999999999999 0.0000014184634295
0.4519999999999998 0.0000015129855259
0.4630000000000000 0.0000005071139144
0.4739999999999999 0.0000037423313295
0.4850000000000000 0.0000041881436880
0.4959999999999999 0.0000032922659768
0.5070000000000000 0.0000073945487735
0.5179999999999999 0.0000015944451715
0.5290000000000000 0.0000266829348192
0.5399999999999999 0.0000396922982881
0.5509999999999998 0.0000542215174673
0.5619999999999999 0.0000098282865795
0.5729999999999998 0.0000117373402715
0.5840000000000000 0.0002609896639561
0.5949999999999999 0.0006998524082527
0.6060000000000000 0.0013442264053240
0.6169999999999999 0.0015624629622561
0.6280000000000000 0.0005673932641851
0.6389999999999999 0.0023514690755228
0.6500000000000000 0.0073989228118634
0.6609999999999999 0.0073179875645078
0.6719999999999998 0.0191779988897647
0.6829999999999999 0.0279752899596445
0.6939999999999998 0.0141605387560755
0.7050000000000000 0.0367786952016144
0.7159999999999999 0.1316078718859782
0.7270000000000000 0.2451479226639278
0.7379999999999999 0.3355413419584690
0.7490000000000000 0.1175540540263707
0.7599999999999999 0.3178885456523842
0.7709999999999998 0.9021421606061852
0.7819999999999999 0.6856378339032368
0.7929999999999998 6.8490423830079958
0.8039999999999999 6.5719639406170991
0.8149999999999998 5.8842602744638866
0.8260000000000000 49.2412678325883348
0.8369999999999999 33.0601072514875298
0.8480000000000000 135.0190784015781276
0.8589999999999999 437.7841558462445164
0.8700000000000000 291.5123188273386745
0.8809999999999999 1616.8397119691560420
0.8919999999999998 5951.6194921516917020
0.9029999999999999 2388.3742352027302331
0.9139999999999998 34291.1533558166338480
0.9249999999999999 107407.3825096743239556
0.9359999999999998 18326.0182745051824895
0.9470000000000000 891032.0463432647520676
0.9579999999999999 2820939.1865747869014740
0.9690000000000000 832077.9805154678178951
0.9799999999999999 38828396.2935604080557823
0.9910000000000000 135779692.8559986054897308
