10000.000000
10000.008415
10000.009093
10000.001411
9999.992432
9999.990411
9999.997206
10000.006570
10000.009894
10000.004121
9999.994560
9999.990000
9999.994634
10000.004202
10000.009906
10000.006503
9999.997121
9999.990386
9999.992490
10000.001499
10000.009129
10000.008367
9999.999911
9999.991538
9999.990944
9999.998676
10000.007626
10000.009564
10000.002709
9999.993364
9999.990120
9999.995960
10000.005514
10000.009999
10000.005291
9999.995718
9999.990082
9999.993565
10000.002964
10000.009638
10000.007451
9999.998414
9999.990835
9999.991682
10000.000177
10000.008509
10000.009018
10000.001236
9999.992317
9999.990462
9999.997376
10000.006702
10000.009866
10000.003959
9999.994412
9999.990002
9999.994784
10000.004362
10000.009929
10000.006367
9999.996952
9999.990339
9999.992608
10000.001674
10000.009200
10000.008268
9999.999734
9999.991445
9999.991021
9999.998852
10000.007739
10000.009511
10000.002538
9999.993232
9999.990149
9999.996122
10000.005661
10000.009995
10000.005140
9999.995559
9999.990061
9999.993701
10000.003132
10000.009684
10000.007332
9999.998239
9999.990765
9999.991782
10000.000354
10000.008601
10000.008940
10000.001060
9999.992205
9999.990517
9999.997547
10000.006833
10000.009836
10000.003796
9999.994266
9999.990008
