100
10000.000000
10000.000841
10000.000909
10000.000141
9999.999243
9999.999041
9999.999721
10000.000657
10000.000989
10000.000412
9999.999456
9999.999000
9999.999463
10000.000420
10000.000991
10000.000650
9999.999712
9999.999039
9999.999249
10000.000150
10000.000913
10000.000837
9999.999991
9999.999154
9999.999094
9999.999868
10000.000763
10000.000956
10000.000271
9999.999336
9999.999012
9999.999596
10000.000551
10000.001000
10000.000529
9999.999572
9999.999008
9999.999356
10000.000296
10000.000964
10000.000745
9999.999841
9999.999083
9999.999168
10000.000018
10000.000851
10000.000902
10000.000124
9999.999232
9999.999046
9999.999738
10000.000670
10000.000987
10000.000396
9999.999441
9999.999000
9999.999478
10000.000436
10000.000993
10000.000637
9999.999695
9999.999034
9999.999261
10000.000167
10000.000920
10000.000827
9999.999973
9999.999144
9999.999102
9999.999885
10000.000774
10000.000951
10000.000254
9999.999323
9999.999015
9999.999612
10000.000566
10000.001000
10000.000514
9999.999556
9999.999006
9999.999370
10000.000313
10000.000968
10000.000733
9999.999824
9999.999077
9999.999178
10000.000035
10000.000860
10000.000894
10000.000106
9999.999221
9999.999052
9999.999755
10000.000683
10000.000984
10000.000380
9999.999427
9999.999001
