1000
10000.000000
10000.000841
10000.000909
10000.000141
9999.999243
9999.999041
9999.999721
10000.000657
10000.000989
10000.000412
9999.999456
9999.999000
9999.999463
10000.000420
10000.000991
10000.000650
9999.999712
9999.999039
9999.999249
10000.000150
10000.000913
10000.000837
9999.999991
9999.999154
9999.999094
9999.999868
10000.000763
10000.000956
10000.000271
9999.999336
9999.999012
9999.999596
10000.000551
10000.001000
10000.000529
9999.999572
9999.999008
9999.999356
10000.000296
10000.000964
10000.000745
9999.999841
9999.999083
9999.999168
10000.000018
10000.000851
10000.000902
10000.000124
9999.999232
9999.999046
9999.999738
10000.000670
10000.000987
10000.000396
9999.999441
9999.999000
9999.999478
10000.000436
10000.000993
10000.000637
9999.999695
9999.999034
9999.999261
10000.000167
10000.000920
10000.000827
9999.999973
9999.999144
9999.999102
9999.999885
10000.000774
10000.000951
10000.000254
9999.999323
9999.999015
9999.999612
10000.000566
10000.001000
10000.000514
9999.999556
9999.999006
9999.999370
10000.000313
10000.000968
10000.000733
9999.999824
9999.999077
9999.999178
10000.000035
10000.000860
10000.000894
10000.000106
9999.999221
9999.999052
9999.999755
10000.000683
10000.000984
10000.000380
9999.999427
9999.999001
9999.999494
10000.000452
10000.000995
10000.000623
9999.999678
9999.999029
9999.999273
10000.000185
10000.000927
10000.000817
9999.999956
9999.999135
9999.999110
9999.999903
10000.000785
10000.000945
10000.000237
9999.999310
9999.999018
9999.999629
10000.000581
10000.000999
10000.000499
9999.999540
9999.999004
9999.999384
10000.000330
10000.000973
10000.000721
9999.999807
9999.999070
9999.999188
10000.000053
10000.000869
10000.000886
10000.000088
9999.999210
9999.999057
9999.999772
10000.000696
10000.000980
10000.000363
9999.999412
9999.999002
9999.999509
10000.000468
10000.000996
10000.000609
9999.999662
9999.999025
9999.999285
10000.000202
10000.000933
10000.000806
9999.999938
9999.999127
9999.999118
9999.999920
10000.000796
10000.000940
10000.000219
9999.999298
9999.999022
9999.999645
10000.000595
10000.000998
10000.000483
9999.999524
9999.999003
9999.999398
10000.000347
10000.000977
10000.000709
9999.999789
9999.999064
9999.999199
10000.000071
10000.000878
10000.000878
10000.000071
9999.999199
9999.999064
9999.999789
10000.000709
10000.000977
10000.000347
9999.999398
9999.999003
9999.999524
10000.000483
10000.000998
10000.000595
9999.999645
9999.999022
9999.999298
10000.000219
10000.000940
10000.000796
9999.999920
9999.999118
9999.999127
9999.999938
10000.000806
10000.000933
10000.000202
9999.999285
9999.999025
9999.999662
10000.000609
10000.000996
10000.000468
9999.999509
9999.999002
9999.999412
10000.000363
10000.000980
10000.000696
9999.999772
9999.999057
9999.999210
10000.000088
10000.000886
10000.000869
10000.000053
9999.999188
9999.999070
9999.999807
10000.000721
10000.000973
10000.000330
9999.999384
9999.999004
9999.999540
10000.000499
10000.000999
10000.000581
9999.999629
9999.999018
9999.999310
10000.000237
10000.000945
10000.000785
9999.999903
9999.999110
9999.999135
9999.999956
10000.000817
10000.000927
10000.000185
9999.999273
9999.999029
9999.999678
10000.000623
10000.000995
10000.000452
9999.999494
9999.999001
9999.999427
10000.000380
10000.000984
10000.000683
9999.999755
9999.999052
9999.999221
10000.000106
10000.000894
10000.000860
10000.000035
9999.999178
9999.999077
9999.999824
10000.000733
10000.000968
10000.000313
9999.999370
9999.999006
9999.999556
10000.000514
10000.001000
10000.000566
9999.999612
9999.999015
9999.999323
10000.000254
10000.000951
10000.000774
9999.999885
9999.999102
9999.999144
9999.999973
10000.000827
10000.000920
10000.000167
9999.999261
9999.999034
9999.999695
10000.000637
10000.000993
10000.000436
9999.999478
9999.999000
9999.999441
10000.000396
10000.000987
10000.000670
9999.999738
9999.999046
9999.999232
10000.000124
10000.000902
10000.000851
10000.000018
9999.999168
9999.999083
9999.999841
10000.000745
10000.000964
10000.000296
9999.999356
9999.999008
9999.999572
10000.000529
10000.001000
10000.000551
9999.999596
9999.999012
9999.999336
10000.000271
10000.000956
10000.000763
9999.999868
9999.999094
9999.999154
9999.999991
10000.000837
10000.000913
10000.000150
9999.999249
9999.999039
9999.999712
10000.000650
10000.000991
10000.000420
9999.999463
9999.999000
9999.999456
10000.000412
10000.000989
10000.000657
9999.999721
9999.999041
9999.999243
10000.000141
10000.000909
10000.000841
10000.000000
9999.999159
9999.999091
9999.999859
10000.000757
10000.000959
10000.000279
9999.999343
9999.999011
9999.999588
10000.000544
10000.001000
10000.000537
9999.999580
9999.999009
9999.999350
10000.000288
10000.000961
10000.000751
9999.999850
9999.999087
9999.999163
10000.000009
10000.000846
10000.000906
10000.000132
9999.999237
9999.999044
9999.999729
10000.000664
10000.000988
10000.000404
9999.999449
9999.999000
9999.999471
10000.000428
10000.000992
10000.000644
9999.999704
9999.999036
9999.999255
10000.000159
10000.000917
10000.000832
9999.999982
9999.999149
9999.999098
9999.999876
10000.000768
10000.000954
10000.000262
9999.999330
9999.999013
9999.999604
10000.000559
10000.001000
10000.000522
9999.999564
9999.999007
9999.999363
10000.000305
10000.000966
10000.000739
9999.999833
9999.999080
9999.999173
10000.000027
10000.000856
10000.000898
10000.000115
9999.999226
9999.999049
9999.999746
10000.000677
10000.000985
10000.000388
9999.999434
9999.999000
9999.999486
10000.000444
10000.000994
10000.000630
9999.999687
9999.999032
9999.999267
10000.000176
10000.000923
10000.000822
9999.999965
9999.999140
9999.999106
9999.999894
10000.000779
10000.000948
10000.000245
9999.999317
9999.999016
9999.999620
10000.000573
10000.000999
10000.000506
9999.999548
9999.999005
9999.999377
10000.000322
10000.000971
10000.000727
9999.999815
9999.999073
9999.999183
10000.000044
10000.000865
10000.000890
10000.000097
9999.999215
9999.999055
9999.999763
10000.000690
10000.000982
10000.000371
9999.999419
9999.999001
9999.999501
10000.000460
10000.000996
10000.000616
9999.999670
9999.999027
9999.999279
10000.000194
10000.000930
10000.000812
9999.999947
9999.999131
9999.999114
9999.999912
10000.000790
10000.000943
10000.000228
9999.999304
9999.999020
9999.999637
10000.000588
10000.000998
10000.000491
9999.999532
9999.999004
9999.999391
10000.000338
10000.000975
10000.000715
9999.999798
9999.999067
9999.999194
10000.000062
10000.000873
10000.000882
10000.000080
9999.999204
9999.999060
9999.999781
10000.000702
10000.000978
10000.000355
9999.999405
9999.999002
9999.999517
10000.000476
10000.000997
10000.000602
9999.999653
9999.999023
9999.999291
10000.000211
10000.000936
10000.000801
9999.999929
9999.999122
9999.999122
9999.999929
10000.000801
10000.000936
10000.000211
9999.999291
9999.999023
9999.999653
10000.000602
10000.000997
10000.000475
9999.999517
9999.999002
9999.999405
10000.000355
10000.000978
10000.000702
9999.999781
9999.999060
9999.999204
10000.000080
10000.000882
10000.000873
10000.000062
9999.999194
9999.999067
9999.999798
10000.000715
10000.000975
10000.000338
9999.999391
9999.999004
9999.999532
10000.000491
10000.000998
10000.000588
9999.999637
9999.999020
9999.999304
10000.000228
10000.000943
10000.000790
9999.999912
9999.999114
9999.999131
9999.999947
10000.000812
10000.000930
10000.000193
9999.999279
9999.999027
9999.999670
10000.000616
10000.000996
10000.000460
9999.999501
9999.999001
9999.999419
10000.000371
10000.000982
10000.000690
9999.999763
9999.999055
9999.999215
10000.000097
10000.000890
10000.000865
10000.000044
9999.999183
9999.999073
9999.999815
10000.000727
10000.000971
10000.000322
9999.999377
9999.999005
9999.999548
10000.000506
10000.000999
10000.000573
9999.999620
9999.999016
9999.999317
10000.000245
10000.000948
10000.000779
9999.999894
9999.999106
9999.999140
9999.999965
10000.000822
10000.000923
10000.000176
9999.999267
9999.999032
9999.999687
10000.000630
10000.000994
10000.000444
9999.999486
9999.999000
9999.999434
10000.000388
10000.000985
10000.000677
9999.999746
9999.999049
9999.999226
10000.000115
10000.000898
10000.000855
10000.000026
9999.999173
9999.999080
9999.999833
10000.000739
10000.000966
10000.000305
9999.999363
9999.999007
9999.999564
10000.000522
10000.001000
10000.000559
9999.999604
9999.999013
9999.999330
10000.000262
10000.000954
10000.000768
9999.999876
9999.999098
9999.999149
9999.999982
10000.000832
10000.000916
10000.000159
9999.999255
9999.999036
9999.999704
10000.000644
10000.000992
10000.000428
9999.999471
9999.999000
9999.999449
10000.000404
10000.000988
10000.000664
9999.999729
9999.999044
9999.999237
10000.000132
10000.000906
10000.000846
10000.000009
9999.999163
9999.999087
9999.999850
10000.000751
10000.000961
10000.000288
9999.999350
9999.999009
9999.999580
10000.000537
10000.001000
10000.000544
9999.999588
9999.999011
9999.999343
10000.000279
10000.000959
10000.000757
9999.999859
9999.999091
9999.999159
10000.000000
10000.000842
10000.000909
10000.000141
9999.999243
9999.999041
9999.999721
10000.000657
10000.000989
10000.000412
9999.999456
9999.999000
9999.999463
10000.000420
10000.000991
10000.000650
9999.999712
9999.999039
9999.999249
10000.000150
10000.000913
10000.000837
9999.999991
9999.999154
9999.999094
9999.999868
10000.000763
10000.000956
10000.000271
9999.999336
9999.999012
9999.999596
10000.000551
10000.001000
10000.000529
9999.999572
9999.999008
9999.999357
10000.000296
10000.000964
10000.000745
9999.999841
9999.999083
9999.999168
10000.000018
10000.000851
10000.000902
10000.000124
9999.999232
9999.999046
9999.999738
10000.000670
10000.000987
10000.000396
9999.999441
9999.999000
9999.999479
10000.000436
10000.000993
10000.000637
9999.999695
9999.999034
9999.999261
10000.000167
10000.000920
10000.000827
9999.999973
9999.999144
9999.999102
9999.999885
10000.000774
10000.000951
10000.000254
9999.999323
9999.999015
9999.999612
10000.000566
10000.001000
10000.000514
9999.999556
9999.999006
9999.999370
10000.000313
10000.000968
10000.000733
9999.999824
9999.999077
9999.999178
10000.000035
10000.000860
10000.000894
10000.000106
9999.999220
9999.999052
9999.999755
10000.000683
10000.000984
10000.000380
9999.999427
9999.999001
9999.999494
10000.000452
10000.000995
10000.000623
9999.999678
9999.999029
9999.999273
10000.000185
10000.000927
10000.000817
9999.999956
9999.999135
9999.999110
9999.999903
10000.000785
10000.000945
10000.000237
9999.999310
9999.999018
9999.999629
10000.000581
10000.000999
10000.000499
9999.999540
9999.999004
9999.999384
10000.000330
10000.000973
10000.000721
9999.999806
9999.999070
9999.999188
10000.000053
10000.000869
10000.000886
10000.000088
9999.999210
9999.999058
9999.999772
10000.000696
10000.000980
10000.000363
9999.999412
9999.999002
9999.999509
10000.000468
10000.000996
10000.000609
9999.999662
9999.999025
9999.999285
10000.000202
10000.000933
10000.000806
9999.999938
9999.999127
9999.999118
9999.999921
10000.000796
10000.000939
10000.000219
9999.999298
9999.999022
9999.999645
10000.000595
10000.000998
10000.000483
9999.999524
9999.999003
9999.999398
10000.000347
10000.000977
10000.000709
9999.999789
9999.999064
9999.999199
10000.000071
10000.000878
10000.000878
10000.000071
9999.999199
9999.999064
9999.999789
10000.000709
10000.000977
10000.000347
9999.999398
9999.999003
9999.999525
10000.000483
10000.000998
10000.000595
9999.999645
9999.999022
9999.999298
10000.000220
10000.000940
10000.000796
9999.999920
9999.999118
9999.999127
9999.999938
10000.000806
10000.000933
10000.000202
9999.999285
9999.999025
9999.999662
10000.000609
10000.000996
10000.000468
9999.999509
9999.999002
9999.999412
10000.000363
10000.000980
10000.000696
9999.999772
9999.999057
9999.999210
10000.000088
10000.000886
10000.000869
10000.000053
9999.999188
9999.999070
9999.999807
10000.000721
10000.000973
10000.000330
9999.999384
9999.999004
9999.999540
10000.000499
10000.000999
10000.000581
9999.999629
9999.999018
9999.999310
10000.000237
10000.000945
10000.000785
9999.999903
9999.999110
9999.999135
9999.999956
10000.000817
10000.000927
10000.000185
9999.999273
9999.999029
9999.999678
10000.000623
10000.000995
10000.000452
9999.999494
9999.999001
9999.999427
10000.000380
10000.000984
10000.000683
9999.999755
9999.999052
9999.999221
10000.000106
10000.000894
10000.000860
10000.000035
9999.999178
9999.999077
9999.999824
10000.000733
10000.000968
10000.000313
9999.999370
9999.999006
9999.999556
10000.000514
10000.001000
10000.000566
9999.999612
9999.999015
9999.999323
10000.000254
10000.000951
10000.000774
9999.999885
9999.999102
9999.999145
9999.999974
