-0.9890000000000000 2.1471668975828444
-0.9780000000000000 0.5524320836236137
-0.9670000000000000 0.3801267184746099
-0.9560000000000000 0.7409877808442907
-0.9450000000000000 0.5322907413703551
-0.9339999999999999 0.0863707185008627
-0.9230000000000000 0.2115148710699108
-0.9120000000000000 0.2677112103979744
-0.9010000000000000 0.0320792677878367
-0.8900000000000000 0.1494155113167881
-0.8790000000000000 0.0890030434401433
-0.8680000000000000 0.0168027840629356
-0.8570000000000000 0.0383578282058749
-0.8460000000000000 0.0112807261759977
-0.8350000000000000 0.0075728918881579
-0.8240000000000001 0.0124739584460960
-0.8129999999999999 0.0018700178597580
-0.8020000000000000 0.0009087695708418
-0.7910000000000000 0.0021491390544613
-0.7800000000000000 0.0032596218220113
-0.7690000000000000 0.0026100730333206
-0.7580000000000000 0.0007197340522974
-0.7470000000000000 0.0005235222682969
-0.7360000000000000 0.0002065379550856
-0.7250000000000000 0.0004841223806477
-0.7140000000000000 0.0002970065342412
-0.7030000000000001 0.0000261810685435
-0.6919999999999999 0.0000800951018968
-0.6810000000000000 0.0000438940653924
-0.6699999999999999 0.0001101156244286
-0.6590000000000000 0.0000151334772466
-0.6480000000000000 0.0000118295688887
-0.6370000000000000 0.0000104009326561
-0.6260000000000000 0.0000008204637410
-0.6150000000000000 0.0000096483935861
-0.6040000000000001 0.0000059493900575
-0.5930000000000000 0.0000043866556472
-0.5820000000000001 0.0000015051813113
-0.5710000000000000 0.0000003355673377
-0.5600000000000001 0.0000001758872901
-0.5490000000000000 0.0000002705576994
-0.5380000000000000 0.0000001086179385
-0.5270000000000000 0.0000008283148385
-0.5160000000000000 0.0000009941431932
-0.5050000000000000 0.0000007721773454
-0.4940000000000000 0.0000000899511145
-0.4830000000000000 0.0000005164711796
-0.4720000000000000 0.0000008784627033
-0.4610000000000000 0.0000006748056463
-0.4500000000000001 0.0000000165031330
-0.4390000000000001 0.0000007151845796
-0.4280000000000000 0.0000010803893986
-0.4170000000000000 0.0000008284048977
-0.4060000000000000 0.0000000626556694
-0.3950000000000000 0.0000008032307589
-0.3840000000000000 0.0000012749195543
-0.3730000000000000 0.0000010516186222
-0.3620000000000000 0.0000002017136665
-0.3510000000000000 0.0000008418196601
-0.3400000000000001 0.0000015090609428
-0.3290000000000001 0.0000013934897264
-0.3180000000000001 0.0000004884996691
-0.3070000000000001 0.0000007779362358
-0.2960000000000000 0.0000017460110753
-0.2850000000000000 0.0000018589124989
-0.2740000000000000 0.0000009720450746
-0.2630000000000000 0.0000005366733942
-0.2520000000000000 0.0000019205918726
-0.2410000000000000 0.0000024278976712
-0.2300000000000000 0.0000016965218390
-0.2190000000000001 0.0000000181447982
-0.2080000000000001 0.0000019176890118
-0.1970000000000001 0.0000030239294762
-0.1860000000000001 0.0000026706269984
-0.1750000000000000 0.0000008821352179
-0.1640000000000000 0.0000015679324832
-0.1530000000000000 0.0000034800553531
-0.1420000000000000 0.0000038066234693
-0.1310000000000000 0.0000022111652895
-0.1200000000000000 0.0000006834601570
-0.1090000000000001 0.0000035206569615
-0.0980000000000001 0.0000048418562142
-0.0870000000000001 0.0000038350880464
-0.0760000000000001 0.0000008167630293
-0.0650000000000001 0.0000028360629855
-0.0540000000000000 0.0000053191550299
-0.0430000000000000 0.0000053108813102
-0.0320000000000000 0.0000026907788796
-0.0210000000000000 0.0000013348345149
-0.0100000000000000 0.0000048040465934
0.0010000000000000 0.0000059919462920
0.0119999999999999 0.0000043033968348
0.0230000000000000 0.0000005837513033
0.0339999999999999 0.0000033221356986
0.0450000000000000 0.0000055220686674
0.0559999999999999 0.0000050273336345
0.0670000000000001 0.0000022070974888
0.0780000000000000 0.0000014637392278
0.0889999999999999 0.0000041932643563
0.1000000000000000 0.0000047645022961
0.1109999999999999 0.0000030793417278
0.1220000000000000 0.0000001158718945
0.1329999999999999 0.0000026285596834
0.1440000000000000 0.0000038928956911
0.1549999999999999 0.0000032263813199
0.1660000000000000 0.0000011256584013
0.1769999999999999 0.0000012876993308
0.1879999999999998 0.0000028530412602
0.1990000000000000 0.0000029195051450
0.2099999999999999 0.0000016039568667
0.2210000000000000 0.0000003359073108
0.2319999999999999 0.0000019187047654
0.2430000000000000 0.0000024248134609
0.2539999999999999 0.0000017152872864
0.2650000000000000 0.0000002472325197
0.2759999999999999 0.0000011970857980
0.2870000000000000 0.0000019155954351
0.2979999999999999 0.0000016212931169
0.3089999999999998 0.0000005497413140
0.3200000000000000 0.0000006974816058
0.3309999999999998 0.0000014791611750
0.3420000000000000 0.0000014385698509
0.3529999999999999 0.0000006637908722
0.3640000000000000 0.0000003872280593
0.3749999999999999 0.0000011463604112
0.3860000000000000 0.0000012373553866
0.3969999999999999 0.0000006617964209
0.4080000000000000 0.0000002234115519
0.4189999999999999 0.0000009168422089
0.4299999999999998 0.0000010519429498
0.4409999999999999 0.0000005914103663
0.4519999999999998 0.0000001675489913
0.4630000000000000 0.0000007750966308
0.4739999999999999 0.0000008912621630
0.4850000000000000 0.0000004778544617
0.4959999999999999 0.0000001901203727
0.5070000000000000 0.0000006981544011
0.5179999999999999 0.0000007461779060
0.5290000000000000 0.0000003288704725
0.5399999999999999 0.0000002684260396
0.5509999999999998 0.0000006563439316
0.5619999999999999 0.0000005935453264
0.5729999999999998 0.0000001420196320
0.5840000000000000 0.0000003781926821
0.5949999999999999 0.0000006085985386
0.6060000000000000 0.0000004003100338
0.6169999999999999 0.0000000817520855
0.6280000000000000 0.0000004777408448
0.6389999999999999 0.0000004970391541
0.6500000000000000 0.0000001373565082
0.6609999999999999 0.0000003105688974
0.6719999999999998 0.0000004882201243
0.6829999999999999 0.0000002580903487
0.6939999999999998 0.0000001772765277
0.7050000000000000 0.0000004391512451
0.7159999999999999 0.0000002996229131
0.7270000000000000 0.0000001069912083
0.7379999999999999 0.0000003947434392
0.7490000000000000 0.0000002862768863
0.7599999999999999 0.0000001052891484
0.7709999999999998 0.0000003708323924
0.7819999999999999 0.0000002248206471
0.7929999999999998 0.0000001678751726
0.8039999999999999 0.0000003486282609
0.8149999999999998 0.0000000963428729
0.8260000000000000 0.0000002695655411
0.8369999999999999 0.0000002597585753
0.8480000000000000 0.0000001168171992
0.8589999999999999 0.0000003048809911
0.8700000000000000 0.0000000034036565
0.8809999999999999 0.0000002919842209
0.8919999999999998 0.0000000497015501
0.9029999999999999 0.0000002777147186
0.9139999999999998 0.0000000090817934
0.9249999999999999 0.0000002634375088
0.9359999999999998 0.0000001349492130
0.9470000000000000 0.0000001250860581
0.9579999999999999 0.0000002438714719
0.9690000000000000 0.0000002364903163
0.9799999999999999 0.0000002323125503
0.9910000000000000 0.0000001582703535
