-0.9890000000000000 0.0244311582846848
-0.9780000000000000 0.0200892754907046
-0.9670000000000000 0.0158331809765899
-0.9560000000000000 0.0116640672041782
-0.9450000000000000 0.0075831904531058
-0.9339999999999999 0.0035918748866468
-0.9230000000000000 0.0003084830834778
-0.9120000000000000 0.0041164101085703
-0.9010000000000000 0.0078303508636858
-0.8900000000000000 0.0114486626281327
-0.8790000000000000 0.0149696094535205
-0.8680000000000000 0.0183913558841431
-0.8570000000000000 0.0217119601911853
-0.8460000000000000 0.0249293670786229
-0.8350000000000000 0.0280413998146988
-0.8240000000000001 0.0310457517384735
-0.8129999999999999 0.0339399770861183
-0.8020000000000000 0.0367214810763153
-0.7910000000000000 0.0393875091882772
-0.7800000000000000 0.0419351355594675
-0.7690000000000000 0.0443612504230248
-0.7580000000000000 0.0466625464971104
-0.7470000000000000 0.0488355042298353
-0.7360000000000000 0.0508763757940188
-0.7250000000000000 0.0527811677157051
-0.7140000000000000 0.0545456220090347
-0.7030000000000001 0.0561651956776601
-0.6919999999999999 0.0576350384293222
-0.6810000000000000 0.0589499684353882
-0.6699999999999999 0.0601044459510129
-0.6590000000000000 0.0610925445940636
-0.6480000000000000 0.0619079200619854
-0.6370000000000000 0.0625437760453545
-0.6260000000000000 0.0629928270749806
-0.6150000000000000 0.0632472580161242
-0.6040000000000001 0.0632986798988202
-0.5930000000000000 0.0631380817476653
-0.5820000000000001 0.0627557780480619
-0.5710000000000000 0.0621413514593497
-0.5600000000000001 0.0612835903592206
-0.5490000000000000 0.0601704207793469
-0.5380000000000000 0.0587888322706847
-0.5270000000000000 0.0571247972203935
-0.5160000000000000 0.0551631831333443
-0.5050000000000000 0.0528876573932683
-0.4940000000000000 0.0502805840363438
-0.4830000000000000 0.0473229121094921
-0.4720000000000000 0.0439940552548345
-0.4610000000000000 0.0402717622709881
-0.4500000000000001 0.0361319785646218
-0.4390000000000001 0.0315486986393081
-0.4280000000000000 0.0264938100955488
-0.4170000000000000 0.0209369300645374
-0.4060000000000000 0.0148452356052265
-0.3950000000000000 0.0081832904058193
-0.3840000000000000 0.0009128712051567
-0.3730000000000000 0.0070072012405607
-0.3620000000000000 0.0156212199844508
-0.3510000000000000 0.0249767294754987
-0.3400000000000001 0.0351246308291954
-0.3290000000000001 0.0461192388359071
-0.3180000000000001 0.0580182698787403
-0.3070000000000001 0.0708827338355881
-0.2960000000000000 0.0847766955127085
-0.2850000000000000 0.0997668619933021
-0.2740000000000000 0.1159219413219771
-0.2630000000000000 0.1333117051255827
-0.2520000000000000 0.1520056732292546
-0.2410000000000000 0.1720713225353967
-0.2300000000000000 0.1935717064005366
-0.2190000000000001 0.2165623562898174
-0.2080000000000001 0.2410873275982182
-0.1970000000000001 0.2671742507791224
-0.1860000000000001 0.2948282639217946
-0.1750000000000000 0.3240247426404189
-0.1640000000000000 0.3547008189164209
-0.1530000000000000 0.3867458053801406
-0.1420000000000000 0.4199908281748972
-0.1310000000000000 0.4541982287052432
-0.1200000000000000 0.4890516206482594
-0.1090000000000001 0.5241478630857903
-0.0980000000000001 0.5589925841282402
-0.0870000000000001 0.5930011758038368
-0.0760000000000001 0.6255072573034804
-0.0650000000000001 0.6557803256972659
-0.0540000000000000 0.6830535535455675
-0.0430000000000000 0.7065614009287433
-0.0320000000000000 0.7255849799514188
-0.0210000000000000 0.7395012275437609
-0.0100000000000000 0.7478303640658259
0.0010000000000000 0.7502753607690421
0.0119999999999999 0.7467476073889101
0.0230000000000000 0.7373747486075285
0.0339999999999999 0.7224894214814899
0.0450000000000000 0.7026007107185527
0.0559999999999999 0.6783527644885849
0.0670000000000001 0.6504765647642319
0.0780000000000000 0.6197410743969493
0.0889999999999999 0.5869090429068273
0.1000000000000000 0.5527010804321729
0.1109999999999999 0.5177697250005299
0.1220000000000000 0.4826835629930128
0.1329999999999999 0.4479202655951878
0.1440000000000000 0.4138667388557108
0.1549999999999999 0.3808243820761419
0.1660000000000000 0.3490175742367525
0.1769999999999999 0.3186038185667798
0.1879999999999998 0.2896843543193455
0.1990000000000000 0.2623144131867897
0.2099999999999999 0.2365126121792359
0.2210000000000000 0.2122692188438730
0.2319999999999999 0.1895531992879010
0.2430000000000000 0.1683180743977265
0.2539999999999999 0.1485066779346745
0.2650000000000000 0.1300549446360535
0.2759999999999999 0.1128948679926455
0.2870000000000000 0.0969567645365070
0.2979999999999999 0.0821709704645189
0.3089999999999998 0.0684690814984554
0.3200000000000000 0.0557848307862472
0.3309999999999998 0.0440546840291203
0.3420000000000000 0.0332182167676072
0.3529999999999999 0.0232183262739453
0.3640000000000000 0.0140013198712376
0.3749999999999999 0.0055169126474120
0.3860000000000000 0.0022818397193159
0.3969999999999999 0.0094386531670392
0.4080000000000000 0.0159941573157471
0.4189999999999999 0.0219860559258890
0.4299999999999998 0.0274492971933103
0.4409999999999999 0.0324162475894439
0.4519999999999998 0.0369168647064562
0.4630000000000000 0.0409788659098280
0.4739999999999999 0.0446278906224642
0.4850000000000000 0.0478876548348470
0.4959999999999999 0.0507800970108338
0.5070000000000000 0.0533255149827808
0.5179999999999999 0.0555426937376317
0.5290000000000000 0.0574490242148491
0.5399999999999999 0.0590606133889020
0.5509999999999998 0.0603923860100819
0.5619999999999999 0.0614581784404952
0.5729999999999998 0.0622708250570793
0.5840000000000000 0.0628422377079820
0.5949999999999999 0.0631834787084048
0.6060000000000000 0.0633048278514423
0.6169999999999999 0.0632158438918546
0.6280000000000000 0.0629254209385695
0.6389999999999999 0.0624418401668674
0.6500000000000000 0.0617728172350021
0.6609999999999999 0.0609255457634376
0.6719999999999998 0.0599067372086186
0.6829999999999999 0.0587226574377275
0.6939999999999998 0.0573791602865256
0.7050000000000000 0.0558817183593329
0.7159999999999999 0.0542354513085741
0.7270000000000000 0.0524451518111576
0.7379999999999999 0.0505153094402559
0.7490000000000000 0.0484501326137900
0.7599999999999999 0.0462535687850270
0.7709999999999998 0.0439293230261159
0.7819999999999999 0.0414808751420338
0.7929999999999998 0.0389114954402047
0.8039999999999999 0.0362242592699185
0.8149999999999998 0.0334220604355200
0.8260000000000000 0.0305076235780934
0.8369999999999999 0.0274835156119542
0.8480000000000000 0.0243521562946062
0.8589999999999999 0.0211158280018676
0.8700000000000000 0.0177766847735455
0.8809999999999999 0.0143367606892959
0.8919999999999998 0.0107979776290842
0.9029999999999999 0.0071621524679214
0.9139999999999998 0.0034310037502383
0.9249999999999999 0.0003938421146546
0.9359999999999998 0.0043108450981342
0.9470000000000000 0.0083185462042107
0.9579999999999999 0.0124155624961466
0.9690000000000000 0.0166005824687252
0.9799999999999999 0.0208723617395778
0.9910000000000000 0.0252297190352081
