-0.9890000000000000 0.0000052154225859
-0.9780000000000000 0.0001257623957448
-0.9670000000000000 0.0000540158996322
-0.9560000000000000 0.0001445401171878
-0.9450000000000000 0.0000485815823075
-0.9339999999999999 0.0000973564054147
-0.9230000000000000 0.0001549900927112
-0.9120000000000000 0.0000913425895475
-0.9010000000000000 0.0000358468453734
-0.8900000000000000 0.0001413583630532
-0.8790000000000000 0.0001672673679967
-0.8680000000000000 0.0001057858501724
-0.8570000000000000 0.0000081051030272
-0.8460000000000000 0.0001204902596124
-0.8350000000000000 0.0001841110099727
-0.8240000000000001 0.0001755629980838
-0.8129999999999999 0.0001003126708673
-0.8020000000000000 0.0000131334142213
-0.7910000000000000 0.0001255189651433
-0.7800000000000000 0.0002004510498680
-0.7690000000000000 0.0002151055368870
-0.7580000000000000 0.0001655517074320
-0.7470000000000000 0.0000662109255163
-0.7360000000000000 0.0000554787405065
-0.7250000000000000 0.0001671233809955
-0.7140000000000000 0.0002398318593968
-0.7030000000000001 0.0002550330880706
-0.6919999999999999 0.0002083059442907
-0.6810000000000000 0.0001097138783193
-0.6699999999999999 0.0000190564233555
-0.6590000000000000 0.0001498396880626
-0.6480000000000000 0.0002541647370018
-0.6370000000000000 0.0003091417794611
-0.6260000000000000 0.0003019456517000
-0.6150000000000000 0.0002321466111372
-0.6040000000000001 0.0001115993937236
-0.5930000000000000 0.0000379411402207
-0.5820000000000001 0.0001889286790338
-0.5710000000000000 0.0003130559094276
-0.5600000000000001 0.0003863054253881
-0.5490000000000000 0.0003931720365258
-0.5380000000000000 0.0003293892819045
-0.5270000000000000 0.0002027634576723
-0.5160000000000000 0.0000320313181613
-0.5050000000000000 0.0001560369906531
-0.4940000000000000 0.0003308118529145
-0.4830000000000000 0.0004626030078569
-0.4720000000000000 0.0005273574466803
-0.4610000000000000 0.0005105612207690
-0.4500000000000001 0.0004097752971096
-0.4390000000000001 0.0002354345076001
-0.4280000000000000 0.0000097821236711
-0.4170000000000000 0.0002359321500896
-0.4060000000000000 0.0004656284412070
-0.3950000000000000 0.0006433998292824
-0.3840000000000000 0.0007386807245964
-0.3730000000000000 0.0007308882559679
-0.3620000000000000 0.0006128999122598
-0.3510000000000000 0.0003928650324043
-0.3400000000000001 0.0000940451376881
-0.3290000000000001 0.0002473841092840
-0.3180000000000001 0.0005863851027651
-0.3070000000000001 0.0008745435257322
-0.2960000000000000 0.0010663697746250
-0.2850000000000000 0.0011256678360488
-0.2740000000000000 0.0010311712166911
-0.2630000000000000 0.0007806828162651
-0.2520000000000000 0.0003930820763833
-0.2410000000000000 0.0000922300961390
-0.2300000000000000 0.0006186066762553
-0.2190000000000001 0.0011179957568900
-0.2080000000000001 0.0015188685164712
-0.1970000000000001 0.0017554497444605
-0.1860000000000001 0.0017772151622517
-0.1750000000000000 0.0015574548844793
-0.1640000000000000 0.0010996550025236
-0.1530000000000000 0.0004405455246739
-0.1420000000000000 0.0003510789055151
-0.1310000000000000 0.0011802326860413
-0.1200000000000000 0.0019361916874946
-0.1090000000000001 0.0025067073571930
-0.0980000000000001 0.0027944177116866
-0.0870000000000001 0.0027332095739380
-0.0760000000000001 0.0023018242632717
-0.0650000000000001 0.0015319283342360
-0.0540000000000000 0.0005083455100233
-0.0430000000000000 0.0006397620490119
-0.0320000000000000 0.0017563444379748
-0.0210000000000000 0.0026822350959614
-0.0100000000000000 0.0032812315909663
0.0010000000000000 0.0034634972306992
0.0119999999999999 0.0032014509506250
0.0230000000000000 0.0025347114138997
0.0339999999999999 0.0015630044992486
0.0450000000000000 0.0004285958150336
0.0559999999999999 0.0007079790479435
0.0670000000000001 0.0016939310978362
0.0780000000000000 0.0024070949859442
0.0889999999999999 0.0027719262674561
0.1000000000000000 0.0027666522612375
0.1109999999999999 0.0024214846042521
0.1220000000000000 0.0018093487592399
0.1329999999999999 0.0010315660430388
0.1440000000000000 0.0002012904619502
0.1549999999999999 0.0005726518669493
0.1660000000000000 0.0011993874771969
0.1769999999999999 0.0016156545615256
0.1879999999999998 0.0017908127629940
0.1990000000000000 0.0017272044161967
0.2099999999999999 0.0014564242157834
0.2210000000000000 0.0010324503621183
0.2319999999999999 0.0005228180893009
0.2430000000000000 0.0000009150168603
0.2539999999999999 0.0004722333492464
0.2650000000000000 0.0008372617455228
0.2759999999999999 0.0010601663923128
0.2870000000000000 0.0011259375633378
0.2979999999999999 0.0010404584296219
0.3089999999999998 0.0008280711538424
0.3200000000000000 0.0005271127993108
0.3309999999999998 0.0001840870745226
0.3420000000000000 0.0001527514570213
0.3529999999999999 0.0004396032218921
0.3640000000000000 0.0006423891958940
0.3749999999999999 0.0007404907665269
0.3860000000000000 0.0007285835255847
0.3969999999999999 0.0006164262329310
0.4080000000000000 0.0004267172344919
0.4189999999999999 0.0001913629735634
0.4299999999999998 0.0000533093224932
0.4409999999999999 0.0002717417216154
0.4519999999999998 0.0004340453007345
0.4630000000000000 0.0005199626846225
0.4739999999999999 0.0005213748891345
0.4850000000000000 0.0004430298928179
0.4959999999999999 0.0003014109184118
0.5070000000000000 0.0001219180223384
0.5179999999999999 0.0000652256407066
0.5290000000000000 0.0002297440214252
0.5399999999999999 0.0003460466133791
0.5509999999999998 0.0003972148895497
0.5619999999999999 0.0003776092744910
0.5729999999999998 0.0002936601054527
0.5840000000000000 0.0001626738993296
0.5949999999999999 0.0000097966275289
0.6060000000000000 0.0001364156750479
0.6169999999999999 0.0002491106548069
0.6280000000000000 0.0003080687931874
0.6389999999999999 0.0003035527413138
0.6500000000000000 0.0002383095529779
0.6609999999999999 0.0001272373815713
0.6719999999999998 0.0000053721084079
0.6829999999999999 0.0001306404684564
0.6939999999999998 0.0002211334747451
0.7050000000000000 0.0002569464187473
0.7159999999999999 0.0002305210211253
0.7270000000000000 0.0001489787331236
0.7379999999999999 0.0000331510324648
0.7490000000000000 0.0000868560210549
0.7599999999999999 0.0001789019959798
0.7709999999999998 0.0002173644055895
0.7819999999999999 0.0001908790126884
0.7929999999999998 0.0001069357696911
0.8039999999999999 0.0000086017008698
0.8149999999999998 0.0001178951121369
0.8260000000000000 0.0001826031919869
0.8369999999999999 0.0001776145998538
0.8480000000000000 0.0001025492553114
0.8589999999999999 0.0000141161957419
0.8700000000000000 0.0001222990277990
0.8809999999999999 0.0001695061711671
0.8919999999999998 0.0001270274644095
0.9029999999999999 0.0000119581535202
0.9139999999999998 0.0001100978866823
0.9249999999999999 0.0001540845962152
0.9359999999999998 0.0000745319018777
0.9470000000000000 0.0000748719704343
0.9579999999999999 0.0001437286544393
0.9690000000000000 0.0000190125879400
0.9799999999999999 0.0001374336721165
0.9910000000000000 0.0000547936589050
