-0.9890000000000000 0.0057532140219662
-0.9780000000000000 0.0017323431019727
-0.9670000000000000 0.0075648413091104
-0.9560000000000000 0.0119106502619021
-0.9450000000000000 0.0149276277154449
-0.9339999999999999 0.0167653390730544
-0.9230000000000000 0.0175652740845531
-0.9120000000000000 0.0174610606625102
-0.9010000000000000 0.0165786757893724
-0.8900000000000000 0.0150366534860943
-0.8790000000000000 0.0129462898099226
-0.8680000000000000 0.0104118448462413
-0.8570000000000000 0.0075307416558508
-0.8460000000000000 0.0043937621356729
-0.8350000000000000 0.0010852397466349
-0.8240000000000001 0.0023167509416468
-0.8129999999999999 0.0057402079448121
-0.8020000000000000 0.0091190188569004
-0.7910000000000000 0.0123927812092259
-0.7800000000000000 0.0155066262678636
-0.7690000000000000 0.0184110463497878
-0.7580000000000000 0.0210617257453869
-0.7470000000000000 0.0234193753437626
-0.7360000000000000 0.0254495710665054
-0.7250000000000000 0.0271225962260549
-0.7140000000000000 0.0284132879360377
-0.7030000000000001 0.0293008877133763
-0.6919999999999999 0.0297688964255946
-0.6810000000000000 0.0298049337514745
-0.6699999999999999 0.0294006023394225
-0.6590000000000000 0.0285513568654107
-0.6480000000000000 0.0272563782113070
-0.6370000000000000 0.0255184530048428
-0.6260000000000000 0.0233438587843691
-0.6150000000000000 0.0207422550748295
-0.6040000000000001 0.0177265806859538
-0.5930000000000000 0.0143129575693185
-0.5820000000000001 0.0105206015972938
-0.5710000000000000 0.0063717406534193
-0.5600000000000001 0.0018915404498326
-0.5490000000000000 0.0028919614881748
-0.5380000000000000 0.0079479132089602
-0.5270000000000000 0.0132426966146064
-0.5160000000000000 0.0187399661472592
-0.5050000000000000 0.0244006773967739
-0.4940000000000000 0.0301831051624705
-0.4830000000000000 0.0360428505412614
-0.4720000000000000 0.0419328366836154
-0.4610000000000000 0.0478032929680210
-0.4500000000000001 0.0536017275073895
-0.4390000000000001 0.0592728881344090
-0.4280000000000000 0.0647587123397540
-0.4170000000000000 0.0699982670856915
-0.4060000000000000 0.0749276800246639
-0.3950000000000000 0.0794800644639629
-0.3840000000000000 0.0835854414919711
-0.3730000000000000 0.0871706640914044
-0.3620000000000000 0.0901593499008222
-0.3510000000000000 0.0924718316579371
-0.3400000000000001 0.0940251374005033
-0.3290000000000001 0.0947330163711423
-0.3180000000000001 0.0945060314543413
-0.3070000000000001 0.0932517450709401
-0.2960000000000000 0.0908750329827529
-0.2850000000000000 0.0872785696238607
-0.2740000000000000 0.0823635395376847
-0.2630000000000000 0.0760306423193580
-0.2520000000000000 0.0681814730045586
-0.2410000000000000 0.0587203756370686
-0.2300000000000000 0.0475568837801331
-0.2190000000000001 0.0346088761918482
-0.2080000000000001 0.0198065857754923
-0.1970000000000001 0.0030976006641733
-0.1860000000000001 0.0155470187017598
-0.1750000000000000 0.0361254223671984
-0.1640000000000000 0.0585964451663755
-0.1530000000000000 0.0828699890246432
-0.1420000000000000 0.1087966164009773
-0.1310000000000000 0.1361569151730008
-0.1200000000000000 0.1646515213433821
-0.1090000000000001 0.1938930604255018
-0.0980000000000001 0.2234016418790132
-0.0870000000000001 0.2526058273692030
-0.0760000000000001 0.2808510699402665
-0.0650000000000001 0.3074173432185882
-0.0540000000000000 0.3315469200689171
-0.0430000000000000 0.3524819682274923
-0.0320000000000000 0.3695099009680805
-0.0210000000000000 0.3820125386233318
-0.0100000000000000 0.3895135584675455
0.0010000000000000 0.3917179560148994
0.0119999999999999 0.3885377090072277
0.0230000000000000 0.3800996128299573
0.0339999999999999 0.3667340194517443
0.0450000000000000 0.3489462967712207
0.0559999999999999 0.3273754510563386
0.0670000000000001 0.3027459064717770
0.0780000000000000 0.2758186639000401
0.0889999999999999 0.2473471210346794
0.1000000000000000 0.2180411631916066
0.1109999999999999 0.1885412500001745
0.1220000000000000 0.1594025578459042
0.1329999999999999 0.1310880408580875
0.1440000000000000 0.1039686080634838
0.1549999999999999 0.0783284114295189
0.1660000000000000 0.0543733645018113
0.1769999999999999 0.0322413217444758
0.1879999999999998 0.0120127276434240
0.1990000000000000 0.0062790869915904
0.2099999999999999 0.0226384697033617
0.2210000000000000 0.0370991361645757
0.2319999999999999 0.0497170745931574
0.2430000000000000 0.0605646394130365
0.2539999999999999 0.0697257404800674
0.2650000000000000 0.0772919997442619
0.2759999999999999 0.0833597356772685
0.2870000000000000 0.0880276386312056
0.2979999999999999 0.0913950113034189
0.3089999999999998 0.0935604634063839
0.3200000000000000 0.0946209657380855
0.3309999999999998 0.0946711844681906
0.3420000000000000 0.0938030307070147
0.3529999999999999 0.0921053729097733
0.3640000000000000 0.0896638702957350
0.3749999999999999 0.0865608943142500
0.3860000000000000 0.0828755124409386
0.3969999999999999 0.0786835144476115
0.4080000000000000 0.0740574659728465
0.4189999999999999 0.0690667779272136
0.4299999999999998 0.0637777831765374
0.4409999999999999 0.0582538142120855
0.4519999999999998 0.0525552772673806
0.4630000000000000 0.0467397196841134
0.4739999999999999 0.0408618883512566
0.4850000000000000 0.0349737778118870
0.4959999999999999 0.0291246672073250
0.5070000000000000 0.0233611456522641
0.5179999999999999 0.0177271259425387
0.5290000000000000 0.0122638467163982
0.5399999999999999 0.0070098633420108
0.5509999999999998 0.0020010279049604
0.5619999999999999 0.0027295412674096
0.5729999999999998 0.0071515000729596
0.5840000000000000 0.0112373286066876
0.5949999999999999 0.0149623901515280
0.6060000000000000 0.0183049987124874
0.6169999999999999 0.0212464946361777
0.6280000000000000 0.0237713278799517
0.6389999999999999 0.0258671485196868
0.6500000000000000 0.0275249041114647
0.6609999999999999 0.0287389435489657
0.6719999999999998 0.0295071270846617
0.6829999999999999 0.0298309422083537
0.6939999999999998 0.0297156251009558
0.7050000000000000 0.0291702874044736
0.7159999999999999 0.0282080480707462
0.7270000000000000 0.0268461700716875
0.7379999999999999 0.0251062017724573
0.7490000000000000 0.0230141227862597
0.7599999999999999 0.0206004941453603
0.7709999999999998 0.0179006126374952
0.7819999999999999 0.0149546691702029
0.7929999999999998 0.0118079110378134
0.8039999999999999 0.0085108079769695
0.8149999999999998 0.0051192219067091
0.8260000000000000 0.0016945802583830
0.8369999999999999 0.0016959471909018
0.8480000000000000 0.0049792680599746
0.8589999999999999 0.0080761837521293
0.8700000000000000 0.0109012025558710
0.8809999999999999 0.0133623495175158
0.8919999999999998 0.0153609731400605
0.9029999999999999 0.0167915489579958
0.9139999999999998 0.0175414800334263
0.9249999999999999 0.0174908944149455
0.9359999999999998 0.0165124395971515
0.9470000000000000 0.0144710740154529
0.9579999999999999 0.0112238556078697
0.9690000000000000 0.0066197274728546
0.9799999999999999 0.0004993006497223
0.9910000000000000 0.0073053659539479
