-0.9890000000000000 0.0023526169233467
-0.9780000000000000 0.0032550365896576
-0.9670000000000000 0.0018982406215192
-0.9560000000000000 0.0001795830126452
-0.9450000000000000 0.0020668054384887
-0.9339999999999999 0.0033002275336916
-0.9230000000000000 0.0037245642603651
-0.9120000000000000 0.0033834664734760
-0.9010000000000000 0.0024367645742455
-0.8900000000000000 0.0010993050917194
-0.8790000000000000 0.0004026302846287
-0.8680000000000000 0.0018607784824471
-0.8570000000000000 0.0031031798638049
-0.8460000000000000 0.0040038089369699
-0.8350000000000000 0.0044856717342807
-0.8240000000000001 0.0045191416989048
-0.8129999999999999 0.0041169983989765
-0.8020000000000000 0.0033273635843511
-0.7910000000000000 0.0022254936901633
-0.7800000000000000 0.0009051837110059
-0.7690000000000000 0.0005296385361542
-0.7580000000000000 0.0019726991200508
-0.7470000000000000 0.0033222444370840
-0.7360000000000000 0.0044867929597507
-0.7250000000000000 0.0053896663013284
-0.7140000000000000 0.0059722656892723
-0.7030000000000001 0.0061961175811111
-0.6919999999999999 0.0060437570914151
-0.6810000000000000 0.0055185517128126
-0.6699999999999999 0.0046435920103426
-0.6590000000000000 0.0034597918550645
-0.6480000000000000 0.0020233495963467
-0.6370000000000000 0.0004027244486795
-0.6260000000000000 0.0013247196898857
-0.6150000000000000 0.0030762568615556
-0.6040000000000001 0.0047673912851020
-0.5930000000000000 0.0063153741505889
-0.5820000000000001 0.0076425335193971
-0.5710000000000000 0.0086793207299173
-0.5600000000000001 0.0093669923088015
-0.5490000000000000 0.0096598623005927
-0.5380000000000000 0.0095270757699751
-0.5270000000000000 0.0089538696918136
-0.5160000000000000 0.0079423022467789
-0.5050000000000000 0.0065114454742460
-0.4940000000000000 0.0046970491216451
-0.4830000000000000 0.0025506952389699
-0.4720000000000000 0.0001384735056125
-0.4610000000000000 0.0024607836167668
-0.4500000000000001 0.0051576590610140
-0.4390000000000001 0.0078546494210178
-0.4280000000000000 0.0104489449923698
-0.4170000000000000 0.0128354294601008
-0.4060000000000000 0.0149098344710969
-0.3950000000000000 0.0165719827634423
-0.3840000000000000 0.0177290528919463
-0.3730000000000000 0.0182987987302632
-0.3620000000000000 0.0182126576582834
-0.3510000000000000 0.0174186824456607
-0.3400000000000001 0.0158842330776896
-0.3290000000000001 0.0135983658679493
-0.3180000000000001 0.0105738578684680
-0.3070000000000001 0.0068488045047479
-0.2960000000000000 0.0024877272029410
-0.2850000000000000 0.0024178747766267
-0.2740000000000000 0.0077495983010277
-0.2630000000000000 0.0133629121623947
-0.2520000000000000 0.0190887185780866
-0.2410000000000000 0.0247357934908821
-0.2300000000000000 0.0300942084820328
-0.2190000000000001 0.0349398455686610
-0.2080000000000001 0.0390401204440909
-0.1970000000000001 0.0421610253210120
-0.1860000000000001 0.0440755829016012
-0.1750000000000000 0.0445737592026929
-0.1640000000000000 0.0434738037090994
-0.1530000000000000 0.0406348576376920
-0.1420000000000000 0.0359704822439990
-0.1310000000000000 0.0294625004165894
-0.1200000000000000 0.0211742178719159
-0.1090000000000001 0.0112617155977033
-0.0980000000000001 0.0000184678450564
-0.0870000000000001 0.0123072308369673
-0.0760000000000001 0.0251484212871007
-0.0650000000000001 0.0380037282485260
-0.0540000000000000 0.0502779509506175
-0.0430000000000000 0.0613543483540248
-0.0320000000000000 0.0706380390225759
-0.0210000000000000 0.0776035346217921
-0.0100000000000000 0.0818409074355251
0.0010000000000000 0.0830943329476962
0.0119999999999999 0.0812872116359655
0.0230000000000000 0.0765298463061325
0.0339999999999999 0.0691084092748416
0.0450000000000000 0.0594570130900620
0.0559999999999999 0.0481173189150932
0.0670000000000001 0.0356916627538484
0.0780000000000000 0.0227959028217776
0.0889999999999999 0.0100172462953104
0.1000000000000000 0.0021193634022103
0.1109999999999999 0.0131746060854623
0.1220000000000000 0.0228078674237484
0.1329999999999999 0.0307812214231897
0.1440000000000000 0.0369561574586084
0.1549999999999999 0.0412851016571836
0.1660000000000000 0.0437996590806601
0.1769999999999999 0.0445971937517332
0.1879999999999998 0.0438269849741442
0.1990000000000000 0.0416768297136831
0.2099999999999999 0.0383606454423581
0.2210000000000000 0.0341073821438221
0.2319999999999999 0.0291513752789185
0.2430000000000000 0.0237241536179942
0.2539999999999999 0.0180476439716151
0.2650000000000000 0.0123286762227940
0.2759999999999999 0.0067546757898957
0.2870000000000000 0.0014904282520150
0.2979999999999999 0.0033241938029382
0.3089999999999998 0.0075756427829222
0.3200000000000000 0.0111773382962886
0.3309999999999998 0.0140696218781695
0.3420000000000000 0.0162190990441481
0.3529999999999999 0.0176174377731562
0.3640000000000000 0.0182796886245002
0.3749999999999999 0.0182421894160588
0.3860000000000000 0.0175601164506594
0.3969999999999999 0.0163047443548367
0.4080000000000000 0.0145604773619855
0.4189999999999999 0.0124217160165111
0.4299999999999998 0.0099896245057469
0.4409999999999999 0.0073688648778394
0.4519999999999998 0.0046643650403638
0.4630000000000000 0.0019781874478310
0.4739999999999999 0.0005934354048851
0.4850000000000000 0.0029628343172384
0.4959999999999999 0.0050533440209914
0.5070000000000000 0.0068013936330277
0.5179999999999999 0.0081581947460941
0.5290000000000000 0.0090909816214396
0.5399999999999999 0.0095837659445325
0.5509999999999998 0.0096375779570665
0.5619999999999999 0.0092701764530868
0.5729999999999998 0.0085152220591275
0.5840000000000000 0.0074209213068680
0.5949999999999999 0.0060481631124583
0.6060000000000000 0.0044681842178038
0.6169999999999999 0.0027598156987217
0.6280000000000000 0.0010063785266197
0.6389999999999999 0.0007076879454911
0.6500000000000000 0.0023003652025999
0.6609999999999999 0.0036956484580211
0.6719999999999998 0.0048270658654143
0.6829999999999999 0.0056409853281748
0.6939999999999998 0.0060995614104955
0.7050000000000000 0.0061831694343682
0.7159999999999999 0.0058921726134862
0.7270000000000000 0.0052478719575784
0.7379999999999999 0.0042924987081419
0.7490000000000000 0.0030881263739197
0.7599999999999999 0.0017144052695136
0.7709999999999998 0.0002650581902641
0.7819999999999999 0.0011568770256254
0.7929999999999998 0.0024450121638959
0.8039999999999999 0.0034966597303723
0.8149999999999998 0.0042207580615322
0.8260000000000000 0.0045463476465422
0.8369999999999999 0.0044311444588984
0.8480000000000000 0.0038696012747204
0.8589999999999999 0.0028996671181140
0.8700000000000000 0.0016072453375164
0.8809999999999999 0.0001271093960400
0.8919999999999998 0.0013612409407146
0.9029999999999999 0.0026446151278338
0.9139999999999998 0.0034962480113230
0.9249999999999999 0.0037075883279304
0.9359999999999998 0.0031348040161240
0.9470000000000000 0.0017635560664530
0.9579999999999999 0.0002038409984257
0.9690000000000000 0.0022341234945434
0.9799999999999999 0.0033161995345878
0.9910000000000000 0.0017754636946671
